%% Trajectory 1054
179 82.170570 92.845192 0.412405 2.172959 363.185333
180 82.607857 92.543098 0.393440 2.474230 358.216797
181 82.292969 92.432190 0.581529 2.789256 191.347595
182 82.631050 92.505348 0.675754 2.319844 190.118164
183 82.676727 92.458160 0.425840 2.730566 317.063904
184 83.050468 91.927101 0.574253 2.442511 286.751953
185 82.309837 92.529404 0.755802 2.442431 171.932739
186 82.676201 92.702019 0.948181 2.243777 89.743401
187 82.203270 92.682823 1.166086 2.200396 30.128473
188 81.976830 92.932518 0.854057 2.221400 124.442528
189 82.331207 92.850693 1.096477 2.548671 52.686092
190 82.339447 92.300812 1.141850 2.195364 48.703815
191 81.736374 92.059616 0.984794 2.280509 84.563438
192 82.175308 91.991890 1.236401 2.138697 32.515831
193 82.053932 92.350380 0.980610 2.704930 61.002686
194 82.256714 92.391335 1.169965 2.248407 41.299046
195 82.106850 92.189255 1.750584 2.165624 13.054549
196 82.067497 92.204483 1.473284 2.423234 23.941408
197 81.924843 92.130257 1.349248 2.098051 14.897754
198 82.044189 92.063194 1.248564 2.376980 22.568300
199 81.887016 92.391167 1.012741 2.282914 88.367218
200 82.008179 92.317139 1.255891 2.202791 34.137577
201 81.843719 92.126892 1.362782 2.049509 18.759489
202 82.054039 91.976189 1.349688 2.266322 24.458019
203 82.052147 92.080261 1.417152 2.139901 25.350124
204 82.063248 92.095230 1.474555 2.328141 34.934219
205 81.852386 92.169022 1.552068 2.361594 36.943832
206 81.973587 91.927650 1.687490 2.196316 33.027233
207 81.779816 91.888237 1.524663 2.265249 28.183603
208 81.710358 91.872787 1.871164 2.350047 12.408171
209 81.744682 91.812569 1.563361 2.204835 23.617298
210 81.535309 91.935669 1.576300 2.500175 23.358896
211 81.609673 91.766533 1.976313 2.606767 19.706278
212 81.303581 92.008659 1.740575 2.340793 22.296560
213 81.366371 92.153061 1.471107 2.389569 42.779869
214 81.283936 92.025330 1.549680 2.610830 35.181999
215 81.622047 91.865547 1.541841 2.383269 32.004269
216 81.420265 91.820984 1.499891 2.469170 19.221802
217 81.918816 91.760063 1.288990 2.813222 34.339703
218 81.474648 91.890190 1.527879 2.492455 26.303087
219 81.784622 91.647942 1.342341 2.556115 35.419498
220 82.128235 91.992950 1.000038 2.234213 73.889030
221 82.186111 92.130440 1.167582 2.242165 37.560612
222 81.803482 91.796600 1.306278 2.546039 26.144386
223 82.165863 92.166222 1.938588 2.269421 1.291285
224 81.543472 91.549286 1.026158 2.749787 34.391216
225 81.944862 91.456032 1.095997 2.616596 50.304474
226 81.943176 91.491661 0.699046 2.500132 163.688812
227 81.853699 91.437965 1.027519 2.160190 37.532936
228 82.116394 91.473396 1.162908 2.279653 35.647041
229 81.997353 91.313515 0.777921 2.091367 111.315758
230 81.912361 91.401634 1.013549 2.219449 51.460114
231 81.880600 91.667816 0.846851 2.415805 88.982834
232 82.161568 92.221657 0.819381 2.164972 132.527069
233 82.327499 92.137108 1.063558 2.120423 24.942429
234 82.470856 91.977173 0.947889 2.298957 74.479141
235 82.286858 92.185287 1.348589 2.310519 10.610649
236 82.123611 92.444000 1.145186 2.238008 25.037872
237 82.094475 92.149940 1.143911 2.307257 30.046585
238 82.063858 91.951088 1.108899 2.127979 18.084030
239 82.002022 92.129662 0.830608 2.341381 110.645958
240 82.150452 91.791718 0.646892 2.001135 182.138809
241 82.540016 92.865501 0.388327 3.012637 226.600555
242 82.136337 91.761047 0.698499 2.413211 211.339691
243 82.241028 92.042603 0.501062 2.991092 232.904846
244 81.575912 91.993828 0.378395 2.611029 366.496460
