%% Trajectory 95
175 83.331429 92.087059 0.994621 2.099297 42.408775
176 83.080566 92.134300 0.970557 2.421182 27.964777
177 83.529297 92.215645 1.117699 2.386632 49.638706
178 83.246094 92.158203 1.045454 2.387309 39.056568
180 83.491203 92.419312 0.973928 2.416415 27.954609
181 83.415375 91.975670 0.948082 2.262424 27.053951
182 83.255318 92.210297 0.811462 2.209925 46.805004
183 83.623642 91.652763 1.149803 2.337448 41.189671
184 82.964272 92.054291 0.895584 2.674256 21.100790
186 83.977074 92.054184 0.799700 2.329977 40.766434
187 83.051926 91.956528 1.181192 2.065074 45.338364
188 83.222664 91.717445 1.168877 2.322400 39.449657
189 83.349571 91.837830 1.193473 2.419620 26.540472
190 83.188316 91.833252 1.601189 2.283605 21.486334
191 83.098854 91.782471 1.339161 2.415078 44.850994
192 83.246925 91.737465 1.083187 2.112959 41.250347
193 83.278069 91.682579 1.269517 2.098033 26.117527
194 83.013710 91.928421 1.294224 2.340983 32.686916
195 83.048416 91.476631 1.269461 2.607262 38.088783
196 83.250526 91.593002 1.493423 2.378205 19.812387
197 83.025780 91.815231 1.380367 2.374599 29.843472
198 83.239746 91.662323 1.170174 2.554464 35.142326
199 83.291290 91.622849 1.413470 2.578571 15.974046
200 83.025841 91.961258 1.568118 2.206017 25.190769
201 82.832809 91.481209 1.621642 2.464951 9.935882
202 83.106476 91.928146 1.449387 2.229655 31.432255
203 83.107483 91.645401 1.388476 2.245692 37.802139
204 83.022949 91.722656 1.396914 2.321946 31.587330
205 83.017906 91.575378 1.875901 2.366146 5.679481
206 83.153709 91.650673 1.997479 2.380029 6.586329
207 82.850769 91.490135 1.751883 2.649745 12.106951
208 83.100594 91.572548 1.661222 2.237278 28.346020
209 83.258934 91.617340 2.047757 2.612918 2.285389
210 83.018005 91.603783 1.941547 2.433406 6.294116
211 83.114647 91.666809 1.657586 2.500785 14.733482
212 83.220612 91.511200 1.509371 2.396726 28.446032
213 83.378319 91.837013 1.578684 2.288294 27.339077
214 82.927925 91.698479 2.101484 2.350722 6.541695
215 83.080620 91.640823 2.178830 2.306676 0.953189
216 83.054321 91.664543 2.319328 2.200831 3.076018
217 82.966431 91.571640 2.258058 2.260606 5.087049
218 82.987526 91.473938 2.480337 2.424470 17.738234
219 82.963829 91.538544 2.304821 2.354303 17.808027
220 82.736328 91.513794 2.305985 2.490624 17.907879
221 82.966820 91.452553 2.189245 2.380015 20.756432
222 83.167122 91.587471 2.105734 2.441187 17.586241
223 83.291512 91.488678 2.221881 2.441724 18.434967
224 83.083702 91.608955 2.395284 2.270191 23.430389
225 83.133926 91.573563 2.504287 2.254972 11.555975
226 83.209106 91.456192 2.577589 2.409872 15.424511
227 83.280952 91.721703 2.726111 2.289891 10.080710
228 83.423759 91.556526 1.848128 2.568113 15.797967
229 83.555939 91.708939 1.897465 2.297625 29.675253
230 83.461380 91.676567 1.845660 2.256426 26.021633
231 83.781708 91.464790 1.867806 2.411517 26.413834
232 83.430382 91.667023 1.534389 2.409789 30.973186
233 83.399910 91.081322 1.442709 2.343289 38.031322
234 83.563141 91.777367 0.897096 2.327770 66.339355
