%% Trajectory 113
217 54.432499 102.673546 0.833691 2.398335 44.385212
218 54.374199 103.070404 0.761390 2.361243 38.632259
219 54.101337 103.266068 0.826097 1.925128 50.076954
220 54.302654 103.103989 0.858264 1.983867 27.332071
221 54.416687 102.661186 0.869318 2.258665 56.166836
222 54.278240 102.884651 0.860571 1.973478 23.146729
223 54.243103 102.917229 0.963955 1.960977 15.595673
224 54.545425 103.042358 0.908638 2.104984 37.742683
225 54.518940 102.670097 0.777635 2.405863 40.535309
226 54.178387 103.242508 0.918666 2.003017 40.693485
228 54.221058 102.940582 1.017147 2.080398 40.333569
229 54.577274 102.394493 1.302950 2.462561 41.896019
230 54.178642 102.743629 1.114293 2.035043 40.145020
231 54.303066 102.944138 1.548717 2.122815 21.450464
232 54.533829 102.918228 1.100981 2.230295 76.940178
233 54.370838 102.920982 1.162838 2.143687 44.236683
234 54.247845 102.893318 1.137577 1.938447 40.919617
235 54.341419 102.977707 1.175582 2.083716 26.078987
236 54.540451 103.244873 0.977893 2.349041 48.005947
237 54.442196 103.035217 0.872451 2.162048 49.634560
238 54.342865 102.960518 1.265527 2.239127 37.952370
239 54.428818 102.841858 1.546850 2.232002 26.229362
240 54.250683 103.017761 1.089899 1.830760 44.041962
241 54.310944 102.990433 0.747045 2.058848 65.984200
242 54.493431 102.985962 1.037732 2.109883 60.164165
243 54.503296 102.912125 0.770145 2.165458 54.465225
244 54.362476 103.170029 1.048606 2.473637 50.546955
245 54.609734 102.800667 0.945584 2.141985 77.573769
246 54.674030 103.257500 0.951895 2.091031 74.646950
247 54.646732 102.883308 0.937960 2.183307 76.552948
248 54.631439 103.140160 0.945836 2.010823 61.320698
249 54.635773 103.140770 1.219867 1.936258 49.775917
250 54.968758 103.050163 1.074137 2.106464 61.841324
251 55.114788 102.843910 0.846293 2.169626 42.409542
252 55.297390 103.130325 0.844809 2.307535 49.634182
253 55.210781 102.657639 0.924085 2.210112 62.784138
255 55.265129 102.582558 0.951788 2.172201 88.845634
256 55.243118 102.946365 0.588174 2.170034 30.712225
257 55.167923 102.705582 0.695090 2.207279 67.473709
258 55.011234 102.846298 0.660293 2.279774 37.557896
259 55.122662 102.621918 0.737743 2.199137 59.307903
261 55.047371 102.792648 0.977931 2.033386 40.861233
262 55.179543 102.622093 0.967778 2.164805 79.837288
263 55.229343 102.626297 1.073399 2.252081 111.892067
264 55.071152 102.220261 1.364284 2.077532 63.491756
265 55.165943 102.521751 1.232582 2.196826 65.257576
266 54.997883 102.608719 1.340935 2.116905 64.578804
267 54.944420 103.091408 1.239451 2.047324 46.539955
268 55.106350 102.676819 1.569875 2.146651 57.266453
269 55.286587 102.735291 1.874342 2.165606 54.702553
270 55.119198 102.565010 1.999013 2.231622 50.291370
271 55.260426 102.638733 2.032501 2.168676 30.636873
272 55.345547 102.569901 2.273120 2.380117 23.112932
273 55.178940 102.620010 2.250479 2.245419 27.958683
274 55.418022 102.497749 1.976197 2.477210 47.207409
275 55.282421 102.630730 2.198938 2.140764 31.319386
276 55.378132 102.678368 2.096048 2.360059 47.883156
277 55.358246 102.631355 2.150689 2.224935 40.227654
278 55.328392 102.530212 1.956852 2.229407 32.258377
279 55.373005 102.620316 2.070122 2.189320 32.805492
280 55.285168 102.571297 2.019630 2.193812 56.353367
281 55.148636 102.677414 1.882216 1.983295 39.780399
282 55.250584 102.621613 1.682139 2.158681 76.307915
283 55.183399 102.797928 1.964667 1.998232 29.384474
284 55.064285 102.984207 2.099923 1.963453 17.660849
285 55.221470 103.005394 1.811040 2.018007 41.827045
286 55.201542 102.883553 1.961669 1.947423 25.166056
287 55.080799 103.028473 1.888446 1.981902 32.984165
288 54.819977 102.991348 1.791628 1.862335 26.854837
289 54.998646 103.046196 1.308102 1.889112 21.319893
290 54.956692 103.303360 0.652404 2.701590 37.372498
