%% Trajectory 1544
241 54.785545 102.247009 0.208465 2.032488 350.644684
242 55.526684 100.744957 0.241961 2.849626 337.982544
243 54.703827 101.540932 0.216517 2.886833 337.186676
244 53.822750 103.088860 0.138552 2.260875 399.452728
245 53.306770 102.045624 0.224725 2.176030 371.371521
246 55.173191 101.703232 0.257476 2.568876 482.032745
247 53.544617 103.073830 0.328942 2.350816 456.155945
248 54.469524 102.344330 0.333960 2.233002 451.430817
249 54.452351 102.079704 0.605099 2.528218 246.737061
250 54.600800 102.174789 0.545353 2.346436 343.588226
251 54.548885 102.548691 0.681105 2.554293 226.735443
252 53.950817 103.101707 0.416357 2.091171 407.500244
253 54.409706 102.032181 0.778835 2.478425 148.424271
254 54.417389 102.484360 0.896088 2.449640 76.388474
255 54.873447 102.598038 0.796962 2.161853 80.427597
256 54.378429 102.040840 0.864693 2.738834 114.147812
257 54.608894 102.211594 0.988416 2.212807 60.018497
258 54.628296 102.283928 0.699862 2.658221 204.037155
259 54.797474 102.144295 1.085881 2.031697 22.881109
260 55.042240 102.358330 0.883285 2.183017 84.940552
261 54.755043 102.641937 0.960141 2.095849 55.194851
262 54.870934 102.331970 0.978869 2.341170 51.165760
263 54.607807 102.109581 1.112839 2.228352 39.285633
264 54.735188 102.128464 1.151282 2.139884 16.601089
265 54.826630 102.312744 1.080534 2.120393 32.027386
266 54.908676 101.801208 1.015074 2.339851 85.125473
267 55.179817 102.103867 0.793042 1.921795 82.549019
268 55.139664 102.427200 0.825531 2.606628 128.359161
269 55.008743 102.188492 0.669854 2.049821 156.475021
270 55.461784 101.699234 0.636440 2.397810 220.210922
271 55.021282 102.257591 1.082221 2.057367 34.086502
272 55.246796 102.025986 0.955920 2.116288 62.899216
273 55.061954 102.118576 1.277091 2.158479 22.701187
274 54.999302 102.205421 1.083926 2.235698 49.041473
275 54.896839 102.261536 0.843147 2.022404 57.465820
276 55.253159 102.263466 0.862176 2.452303 128.348114
277 55.127666 102.197807 1.476143 2.033366 6.464596
278 54.990929 102.283066 1.218824 2.273929 18.352844
279 54.966419 102.378265 1.239672 2.186307 17.561167
280 55.015911 102.459465 1.076590 2.243073 45.063984
281 55.065731 102.404793 1.455760 2.143973 19.043129
282 54.942291 102.279327 1.385187 2.233079 22.624268
283 55.019604 102.497551 1.338053 2.356490 19.256525
284 55.247578 102.514557 1.156265 2.296284 47.023472
285 54.951374 102.672348 1.676615 2.191763 4.300157
286 55.094315 102.287231 0.890237 2.271984 124.189209
287 54.566257 102.830093 0.849132 2.303071 123.258049
288 54.751087 102.388557 1.160836 2.165628 23.546726
289 54.876648 102.037712 0.905276 2.220775 100.813461
290 54.627483 102.291832 0.527336 1.951973 263.869202
291 55.159916 101.865044 0.495430 2.465008 324.383118
292 55.064934 101.823082 0.672320 1.993779 186.139374
293 55.043243 101.766968 0.499538 2.487895 405.829620
294 55.804745 101.787689 0.941787 2.080258 74.510254
295 55.144226 102.149971 0.639172 1.868515 182.390137
296 55.273750 101.596245 0.637465 2.866027 189.427338
297 55.128597 101.328140 0.482573 2.458356 438.613342
298 55.197598 101.786522 0.387391 2.812756 311.425873
299 55.234707 101.876495 0.209629 2.331190 504.164246
300 55.804722 101.894989 0.217173 3.195669 289.280487
301 55.738586 101.946541 0.270646 2.307360 453.482727
302 57.056698 101.351517 0.214181 2.742253 451.551483
303 56.811062 101.321365 0.334049 2.943754 345.299377
304 56.329182 100.723442 0.250322 2.660287 366.295349
