%% Trajectory 20
29 34.559196 18.053139 2.108354 2.391238 5.641044
30 34.301971 18.141825 1.911763 1.947288 3.660061
31 34.209538 18.318283 2.060162 2.136947 11.155603
32 34.100246 18.223219 2.187921 2.067383 5.656339
33 34.306480 17.937113 2.616597 2.237762 21.385895
34 34.182964 18.122776 1.971286 2.056702 8.280150
35 34.126205 18.029404 2.324959 2.226175 9.970694
36 34.328968 17.876883 2.078700 2.054646 4.859498
37 34.160255 18.190580 2.115772 2.163784 10.326738
38 34.225861 18.185259 2.265489 2.214330 17.807680
39 33.983204 17.997976 2.227615 2.144125 14.199265
40 34.215916 17.945879 2.011479 2.272858 22.974667
41 33.968143 18.009598 2.277648 2.140608 23.422501
42 34.076088 18.076794 2.115086 2.104445 11.134498
43 34.169884 17.924696 2.014947 2.201267 15.788588
44 33.899399 18.138800 2.818500 2.115978 16.536983
45 34.101879 18.084564 2.459139 2.144987 22.627882
46 33.861034 18.174881 2.173009 2.437649 39.020367
53 34.064800 18.241091 1.807838 2.016084 13.313569
54 34.053825 17.998390 1.707515 1.998063 30.857527
55 33.945744 17.953632 1.764665 2.038115 6.015412
57 33.735416 18.019318 1.899261 2.076764 30.643824
58 33.827271 18.128216 2.107276 2.092145 20.692968
59 33.946335 18.134632 2.933455 2.147676 10.322519
60 34.066563 18.280609 2.576511 2.233316 15.588101
61 34.033016 18.312679 2.519834 2.149522 21.268560
62 34.033539 18.067432 2.772204 2.194230 7.107841
63 34.053215 18.078283 3.193177 2.149132 22.719692
64 34.198818 18.077106 2.542248 2.145903 26.525465
65 33.966438 18.022741 2.555995 2.131379 16.421013
66 33.669201 18.076323 2.644664 2.151512 11.900139
67 33.843868 18.233212 2.038844 2.198520 27.631807
68 34.066525 18.061466 2.002400 2.200650 42.704159
69 33.824211 18.256514 2.199260 2.079603 24.951471
70 33.741650 18.021723 2.441957 2.110125 21.582890
71 33.750298 18.154757 2.432848 2.090207 20.362555
72 33.642681 18.115971 2.598972 2.093913 4.671866
73 33.869480 18.118132 2.694457 2.005907 3.338580
74 33.889378 17.980972 2.051020 2.158917 27.529108
75 33.924374 18.192572 2.153035 2.103084 34.770267
76 33.906418 18.026936 2.575338 2.137959 4.464821
77 33.891804 18.228558 2.577883 1.990240 6.763481
78 34.132935 18.135075 2.415366 2.228890 32.986904
79 34.149181 18.145519 2.305922 1.970879 18.422686
80 34.180088 18.188026 2.125782 2.023585 34.872757
82 33.998192 18.196623 2.439707 2.008677 14.172393
83 34.059475 18.211536 2.349247 2.116731 18.098856
84 33.935078 18.514305 2.022921 2.212268 15.081023
85 34.259014 18.545259 2.401606 2.346473 10.746992
86 34.148201 18.304327 2.205262 2.043953 15.752895
87 34.115822 18.383614 2.592566 2.191832 10.300920
88 34.209534 18.502893 2.412784 2.272644 9.478086
89 34.274204 18.393074 2.643576 2.157254 10.547330
90 34.186039 18.577629 2.631115 2.336691 5.213919
91 34.258785 18.451128 2.888693 2.325950 15.798005
92 34.188881 18.522800 3.481358 2.235333 29.763775
93 34.319363 18.724087 3.360831 2.207400 19.045328
94 34.185299 18.663046 3.048697 2.182193 17.065750
95 34.394966 18.600206 3.222569 2.380785 18.175863
96 34.449268 18.624071 2.923299 2.368721 15.440920
97 34.263680 18.723244 2.653851 2.183918 4.477064
98 34.365036 18.537123 2.863555 2.297422 17.657516
99 34.334759 18.442699 2.850649 2.350442 10.111496
100 34.513565 18.558140 3.061796 2.490471 6.518312
101 34.719246 18.514561 3.247605 2.322808 12.167545
102 34.365627 18.424198 3.833967 2.420022 27.007570
103 34.429955 18.457617 4.212386 2.399965 46.458176
104 34.374424 18.494583 4.310705 2.523500 34.548862
105 34.474739 18.387566 4.262325 2.436328 18.059954
106 34.478313 18.428974 4.201861 2.410055 28.707018
107 34.502430 18.554363 4.479944 2.465037 28.904099
108 34.322060 18.562330 4.566907 2.332051 6.809273
109 34.620972 18.435316 4.113083 2.344547 8.854426
110 34.668240 18.448713 4.455419 2.284117 6.308057
111 34.574574 18.446758 4.416441 2.365422 5.685252
112 34.552929 18.422926 4.842686 2.452528 16.860826
113 34.537876 18.619476 5.027256 2.386474 13.552743
114 34.534805 18.431448 5.075041 2.419744 14.405765
115 34.578224 18.538891 5.352189 2.403777 9.288415
116 34.596783 18.548475 4.919249 2.363471 24.024261
117 34.464706 18.399357 5.825868 2.400262 0.173693
118 34.489258 18.569847 5.636115 2.471537 7.217931
119 34.336433 18.515261 5.574139 2.400442 11.578502
120 34.435902 18.536217 5.820206 2.432333 9.653684
121 34.315289 18.528070 5.446893 2.348098 16.971550
122 34.413723 18.331982 5.475825 2.351222 17.092777
123 34.250530 18.377127 5.188107 2.295830 15.026613
124 34.216522 18.372791 5.351514 2.172196 16.674311
125 34.143776 18.486336 4.859833 2.385309 15.853253
126 34.256573 18.340197 4.374707 2.258697 13.600847
127 34.270733 18.386179 4.754329 2.208205 0.506722
128 34.257507 18.329073 4.641005 2.183099 0.708535
129 34.293823 18.327375 4.515736 2.238328 1.701919
130 34.235741 18.303131 4.682610 2.193436 3.250399
131 34.272865 18.289494 4.586480 2.178001 2.925278
132 34.166344 18.163141 4.005294 2.111549 13.744409
133 34.289547 18.202057 4.297681 2.150670 3.364547
134 34.260216 18.194874 4.302269 2.166504 5.023390
135 34.154049 18.152187 3.848910 2.116139 17.304331
136 34.167164 18.154171 3.650947 2.123338 29.430578
137 34.127686 18.127142 3.509192 2.090208 21.415054
138 34.004192 18.198589 3.216590 2.212671 9.644350
139 33.980076 18.213308 2.322551 2.176296 43.375656
140 33.877537 18.228807 1.375295 2.352594 33.770267
