%% Trajectory 402
75 35.878696 20.128078 0.356883 2.620651 314.872711
76 35.164375 18.822016 0.685762 2.189824 142.578995
77 34.971146 18.951941 1.048686 2.661627 106.452568
78 34.874451 19.590681 0.574691 2.369708 172.074036
79 35.180634 18.797909 0.909762 2.128396 104.932343
80 35.063019 18.921333 1.058159 2.032883 59.985573
81 34.676094 18.115656 0.905969 2.470470 136.976349
82 34.883446 18.701483 0.992476 2.423133 135.470184
83 34.763889 18.642118 0.745284 2.461560 156.337143
84 35.148109 18.837206 0.988810 2.425962 109.971130
85 35.208870 18.845846 1.458991 2.413650 77.739342
86 35.143963 18.168594 0.852620 2.327680 170.644241
87 34.874584 19.197466 1.170949 2.124987 70.828194
88 34.979439 18.778095 1.571309 2.231330 24.787138
89 35.001579 19.076086 0.900885 2.594371 111.064125
90 35.229046 18.940018 1.391291 1.988654 8.526282
91 35.249420 19.021101 1.346183 2.394297 74.445618
92 35.563282 19.195469 1.029899 2.454426 97.536980
93 35.792812 18.950954 1.306435 2.286925 96.349258
94 35.403492 19.077976 1.204511 2.289958 74.927933
95 35.028320 19.041906 1.721693 2.354682 48.690559
96 35.037209 19.032753 1.973786 2.247194 28.960831
97 35.090248 19.050394 1.578433 2.134647 27.578386
98 35.249863 19.042379 1.823842 2.207583 21.794676
99 34.865589 19.014425 1.751120 2.269428 40.747787
100 35.046734 19.012716 1.586037 2.196246 63.318825
101 35.346436 19.014421 2.156852 2.252199 10.246939
102 35.100414 18.953768 1.977510 2.188050 14.171091
103 35.336994 19.180237 1.954186 2.566155 38.305447
104 35.252640 19.075478 1.992898 2.294263 18.280571
105 35.234463 18.992092 1.840882 2.351763 32.291145
106 35.238964 19.228945 2.242023 2.385672 18.385416
107 34.982464 19.203959 1.931215 2.075392 7.100406
108 35.170033 19.212986 2.326170 2.314743 3.585360
109 35.306763 19.197536 2.205900 2.276169 9.431669
110 35.374371 19.077091 2.273203 2.213450 13.145460
111 35.218620 19.234688 2.223570 2.338934 19.017900
112 35.330379 19.198507 2.251193 2.237332 13.030975
113 35.190140 19.305496 1.861351 2.218884 13.705722
114 35.363392 19.340599 1.675052 2.372037 57.869312
115 35.499107 19.353249 1.940287 2.257487 38.574108
116 35.541786 19.136250 2.225132 2.666130 18.188820
117 35.441635 19.274244 1.925132 2.353449 34.649776
118 35.363297 19.198128 2.244732 2.219748 5.398264
119 35.203197 19.108025 2.164623 2.250197 13.907495
120 35.478806 19.107506 2.016163 2.252619 19.675543
121 35.233017 19.147797 1.969051 2.167792 13.578766
122 34.871517 19.319923 1.245926 2.270131 88.723625
123 34.968128 19.123825 1.508186 2.321849 23.678125
124 34.748653 19.214104 1.139524 2.329321 73.035049
125 35.079655 19.102888 1.269119 2.192058 70.450905
126 35.089333 19.219358 1.728567 2.603674 43.320591
127 34.863743 19.214937 1.704495 2.120677 51.733761
128 34.932903 19.266720 1.227863 2.221862 74.666824
129 34.895451 19.376747 1.268352 2.559999 77.384201
130 35.098415 18.927511 1.531676 2.187666 71.858871
131 34.753269 19.094246 1.515206 2.173585 42.327839
132 35.221081 18.773434 1.246817 2.440233 68.290283
133 35.101200 18.978569 1.463023 1.995477 38.882629
134 35.028584 19.220484 0.807314 2.263314 120.021309
135 35.264988 18.801643 0.865861 2.187329 119.463432
136 35.200523 19.177177 0.964794 2.254881 102.303207
137 34.688099 18.979807 0.953232 2.584743 74.470749
138 34.865513 19.181906 0.780835 2.308607 133.513535
139 35.189960 19.375980 0.682472 2.224371 179.493942
140 35.576859 19.369600 0.921495 2.291311 93.164841
141 35.470085 19.041355 1.500434 2.406231 21.715845
142 35.484325 19.302902 0.756318 2.270114 156.891006
143 35.438122 19.424238 0.597446 2.322961 262.641418
144 35.241581 19.063265 1.156922 2.036593 42.630753
145 34.810974 19.397902 0.755439 2.309524 150.475067
146 35.102425 19.148302 0.406370 2.633322 235.864822
147 35.462543 19.149961 0.588450 2.507276 262.488007
148 35.306133 19.557428 0.859823 2.436258 143.948807
149 34.825413 19.920408 0.759927 2.417130 184.543259
150 33.937145 19.843515 0.520993 3.176620 153.198975
151 34.560600 19.998030 0.489341 2.683837 237.661270
152 34.890388 19.163490 0.489809 2.812782 262.607178
153 35.647167 18.452156 0.402694 2.578401 384.133270
154 34.551186 18.109322 0.401978 3.005675 265.471771
155 35.955032 18.738327 0.255815 1.569709 115.577271
156 35.472794 20.107977 0.360048 3.410738 114.569405
157 34.433456 18.972166 0.271328 2.496521 433.715607
158 33.401329 17.585985 0.226056 3.125658 175.743057
