%% Trajectory 246
54 23.973143 21.877071 0.440790 2.967134 249.819321
55 23.154669 22.166647 0.425898 2.576469 271.637268
56 23.337187 22.465149 0.603021 2.500183 269.243103
57 23.256004 22.526285 1.050551 2.610574 88.502296
58 22.927500 22.459200 0.487207 2.753522 255.602280
59 23.525284 22.841452 0.450818 2.255646 274.728668
60 23.950542 22.650660 0.419366 2.345444 374.422363
61 23.054077 22.704353 0.886413 2.647268 102.953629
62 23.432941 22.482677 1.002656 2.429893 62.281956
63 23.240337 22.074177 0.854351 2.256144 116.829491
64 23.736315 22.459187 0.881365 2.358049 110.949722
65 23.793772 22.302046 1.168727 2.273514 35.806965
66 23.615715 22.680824 1.205031 2.289525 30.975353
67 23.661291 22.812519 1.581246 2.206067 17.942255
68 23.732172 22.960495 1.223255 2.029520 24.854397
69 23.319147 22.716516 1.130792 2.297492 44.272423
70 23.636040 22.701611 1.393419 2.322603 32.525738
71 22.850609 22.454845 0.710516 2.551424 197.199387
72 23.384050 22.655317 1.079643 2.335812 75.245712
73 23.409044 22.346907 0.892468 2.439833 157.020172
74 23.557770 22.679581 1.027891 2.300046 97.569328
75 23.925411 22.544014 1.048324 2.144993 77.246712
76 23.178545 21.833672 0.864715 2.074662 98.496979
77 23.426704 22.557316 0.806318 2.530040 166.078171
78 23.639746 22.692461 1.349870 2.365383 70.340324
79 23.517300 22.797592 0.972817 2.502947 129.366043
80 23.658102 22.307940 1.120353 2.326351 81.656265
81 23.795481 22.773190 0.977545 2.344125 110.558304
82 23.886393 22.842674 1.038605 2.212372 114.959030
83 23.886547 22.402237 1.023839 2.606522 116.703369
84 23.380144 22.989935 0.765620 2.413701 142.111465
85 23.771816 22.642305 0.982331 2.295090 97.407898
86 23.683590 22.654297 0.911086 2.551267 163.050018
87 23.802353 23.010286 0.693883 2.198264 160.069046
88 23.050035 22.889135 0.735245 2.676924 144.089905
89 23.259254 22.320742 1.140857 2.339948 90.984993
90 23.827379 22.594053 0.718044 2.181771 125.763466
91 23.470373 22.205778 0.958658 2.192016 112.175354
92 23.076771 22.260750 1.242772 2.248242 69.056625
93 23.500467 22.488729 0.821118 2.327269 120.306763
94 23.671957 22.762995 0.768749 2.297752 148.889954
95 23.711372 22.260698 1.386344 2.095850 38.855602
96 23.999689 22.671347 0.975224 2.304830 85.320518
97 23.171072 22.174835 0.972577 2.712715 75.187134
98 23.256031 22.834604 1.148785 2.199288 94.045647
99 23.511267 22.861698 1.172114 2.133694 55.818169
100 23.774094 23.064121 1.453178 2.032788 49.323559
101 23.181753 22.955244 1.307916 2.279248 84.406578
102 23.277243 22.937447 1.140400 2.231862 92.610153
103 22.964140 22.774160 1.221969 2.585590 82.929138
104 23.214382 23.095041 0.998571 2.319052 89.206909
105 23.565105 23.282051 1.177039 2.458455 100.833275
106 23.352886 23.398090 1.272240 2.309495 60.770023
107 22.776970 23.112110 0.941084 2.002804 66.721207
108 23.799515 23.243288 1.069895 2.222433 57.714008
109 22.616695 22.958258 0.836232 2.248751 61.977028
110 23.205564 23.137310 1.036023 2.180169 55.192085
111 23.183592 22.932611 0.992148 2.150864 47.121178
112 23.062462 23.435049 1.012438 2.538419 64.373466
113 23.265631 23.414375 1.105367 2.312301 58.040695
114 23.182178 23.400917 0.992719 2.578708 71.640678
115 23.517694 22.942953 1.332369 2.096627 34.815475
116 23.131933 23.596571 1.219316 2.340316 48.224262
117 23.572203 23.443392 1.100040 2.797083 31.742813
118 23.095234 23.095448 1.170704 2.198259 41.093838
119 23.297539 23.544010 0.952022 2.505298 90.952568
120 23.312922 23.312031 1.001364 2.216497 73.616096
121 23.361942 23.107044 0.957078 2.305253 81.857491
122 23.574495 23.670765 0.928020 2.124084 88.105103
123 23.212631 23.326347 0.565827 2.417755 190.907288
124 23.019413 23.494682 1.014419 2.489223 83.438507
125 23.210648 22.822008 0.700831 2.722354 146.388367
126 23.107924 23.551409 0.884618 2.216134 71.784744
127 22.963425 23.339949 0.922822 2.470884 96.480240
128 23.439896 23.305019 0.807368 2.351759 129.073715
129 23.408171 24.219730 0.624444 2.249454 124.883583
130 23.122528 23.427378 0.761778 2.307142 165.125458
131 22.655294 22.859793 0.598433 2.561895 206.570129
132 22.933483 22.585648 0.494339 2.620919 242.951050
133 23.120190 22.821228 0.479384 2.240030 198.511642
134 23.148743 22.768116 0.910259 2.379854 95.128731
135 23.393867 22.835398 0.983946 2.374504 110.648361
136 22.884432 23.010601 0.735441 2.089345 134.959106
137 23.020512 22.864130 0.828278 1.931066 64.606644
138 23.124081 23.322742 0.593930 2.175321 187.897400
139 23.470547 22.768892 0.469555 2.342182 309.140503
140 23.397848 22.796412 0.778738 2.233816 126.238037
141 23.506927 22.959417 0.821711 2.276941 126.422401
142 24.006794 23.767467 0.480009 1.631681 90.375641
143 23.762136 22.861624 0.769827 2.258508 154.276505
144 22.973909 21.560913 0.265096 3.123745 208.499435
145 24.050253 23.520967 0.363002 2.011412 241.284134
146 24.389225 24.407824 0.240743 2.184886 323.786926
147 24.935043 24.331718 0.255975 2.529033 379.956573
