%% Trajectory 27
44 22.388945 22.285280 2.040569 2.265426 10.375416
45 22.444057 22.368530 1.820573 2.232300 4.171792
46 22.436989 22.138178 1.921225 2.303353 32.376499
47 22.043938 22.245260 1.567093 2.015794 14.611564
48 22.306503 22.275656 1.666639 2.121980 17.664410
49 22.413410 22.285229 1.879547 2.436323 30.005638
50 22.494333 21.906816 1.711590 2.189674 31.913153
51 22.325312 22.061527 1.831816 2.010717 38.717224
52 22.456285 22.308184 1.911161 2.093899 3.604762
54 22.082109 22.108587 1.577878 1.970724 27.608294
55 22.013508 22.212870 2.222789 2.010844 11.178392
56 22.325172 22.043983 1.838210 2.014890 17.825045
57 22.227125 22.161892 1.913759 2.124071 31.362261
58 22.295980 22.173470 2.041924 2.101396 20.201853
59 22.425108 22.556396 2.101895 2.245925 0.482234
60 22.371424 22.236950 2.277191 2.035394 10.084337
61 22.339834 22.313559 2.053110 2.167136 36.968285
62 22.259468 22.333914 2.113943 2.018013 5.380729
63 22.083227 22.125412 2.355011 1.969585 5.363054
64 22.260086 22.326658 2.066523 2.091797 38.822083
65 22.265215 22.361753 2.022398 2.128824 35.734188
66 22.169619 22.301971 2.261664 1.979005 27.080080
67 22.422396 22.382078 2.223805 2.125979 27.415331
68 22.459162 22.311630 2.146434 2.194835 43.109467
69 22.227072 22.143902 1.725666 2.034776 18.692980
70 22.287317 22.503702 1.770434 1.985779 2.565443
72 22.344906 22.346941 1.701848 2.040786 26.509069
73 22.469543 22.331770 1.900396 2.144825 23.597681
74 22.239100 22.298025 1.644349 1.884688 30.314476
75 22.392189 22.346989 1.913709 2.080829 35.667057
76 21.851742 22.204910 1.654511 1.962236 22.634905
77 22.290894 22.177439 1.925314 1.955901 26.783310
78 22.232454 22.300982 1.969623 1.965690 25.469595
80 22.170929 22.094921 1.738179 2.050007 33.204891
81 22.345886 22.332027 1.927180 2.171915 23.726870
82 22.304411 22.338499 1.872963 2.090144 19.811600
83 22.411749 22.265150 2.346151 2.132959 18.227556
84 22.162638 22.284296 1.572682 1.957529 15.234051
85 22.255085 21.967701 2.036599 2.070921 7.268133
86 22.446859 22.318747 2.313271 2.149538 14.828782
87 22.304504 21.948380 1.794534 2.198065 11.538332
88 22.468023 22.207155 1.870969 2.204491 20.539202
89 22.428064 22.130657 2.075635 2.072250 12.844442
90 22.455286 22.374905 1.481288 2.179447 28.422241
91 22.309006 22.175190 1.440973 1.959270 14.917686
