%% Trajectory 57
79 30.044168 37.300613 0.980407 1.884707 5.551292
80 30.380926 37.252197 1.455393 2.124715 17.983332
81 30.012640 37.246075 1.231312 2.025296 10.936932
82 29.701904 37.259975 1.124898 1.953880 7.510827
83 29.960554 37.125027 1.270572 2.031927 34.311779
85 29.741882 37.158829 1.263838 1.976552 15.495743
86 29.853535 37.258640 0.886061 1.820470 2.676621
87 30.035339 37.252098 0.995361 2.013533 15.342166
89 29.779209 37.167339 0.987078 2.023882 14.425108
90 29.922846 37.237312 0.975253 2.079411 13.326072
91 30.138103 37.367081 1.084515 2.051825 48.826145
92 30.057478 37.146233 1.096646 1.845250 17.484627
93 29.939686 36.916031 0.979927 1.799354 20.915201
94 30.144428 36.963272 1.175726 1.860695 14.108006
95 29.889444 37.053455 1.534083 1.988857 17.633076
96 29.978514 37.329071 1.478972 2.133630 9.171862
97 30.127443 37.184555 1.254468 1.893852 0.254064
98 29.954325 37.343239 1.341933 2.004357 5.046150
99 30.088690 37.143826 1.240853 2.011031 7.775348
100 30.225170 37.120800 1.216602 1.917847 20.487391
101 30.234222 37.343407 1.604637 2.126390 29.526764
102 30.126766 37.066254 1.427788 1.889006 12.890487
103 30.085258 37.178940 1.583123 2.042852 23.879211
104 30.235825 37.082680 1.412081 1.955008 28.812366
105 30.097637 36.860264 1.251108 2.116398 29.599985
106 30.189535 37.244602 1.787248 2.070741 27.905304
107 30.554483 37.292183 1.439426 2.282879 36.508636
108 30.512152 36.923439 1.679105 2.054223 21.837690
109 30.759565 37.022217 1.512477 2.187215 19.120592
110 30.536280 37.105804 1.917518 2.123210 40.762123
111 30.735596 37.125832 1.587323 2.023612 20.761610
112 30.604315 37.129868 1.408682 2.067261 24.847345
113 30.813679 36.964344 1.280053 1.899099 12.970584
114 30.411346 37.065571 1.562957 2.085328 27.090736
115 30.594957 37.108208 1.828756 2.046920 11.700382
116 30.726181 37.022549 1.813383 2.130693 8.460849
117 30.684256 37.051548 2.083331 2.171962 13.609416
118 30.577288 36.981842 2.244579 2.102628 19.817074
119 30.697895 36.946091 2.287386 2.264837 33.384514
120 30.706089 37.158646 1.998805 2.116037 11.124896
121 30.565014 37.022270 2.052789 2.219609 19.006763
122 30.859283 37.074608 1.881452 2.054101 13.729538
123 30.654955 36.977356 1.992724 2.060931 13.145412
124 30.781628 37.176170 2.244063 2.182230 15.665002
125 30.638464 37.133083 2.130430 2.106615 21.331322
126 30.691841 36.811012 2.268328 2.129128 11.660944
127 30.638897 36.889362 1.845072 2.294153 25.157602
128 30.576860 36.924770 2.320950 2.188702 7.286755
129 30.641529 36.920338 2.930310 2.169936 13.351171
130 30.681234 37.082935 2.849721 2.141541 8.091285
131 30.604000 36.998516 2.727979 2.281430 8.871775
132 30.563492 37.030750 3.094194 2.126176 10.134947
133 30.613297 37.182556 2.994897 2.244242 14.743417
134 30.407310 36.994308 2.903660 2.206860 18.952560
135 30.735235 36.985065 2.681839 2.166936 10.683263
136 30.421415 36.866940 3.187763 2.224211 15.268842
137 30.525927 37.153423 3.315461 2.324606 10.610021
138 30.581299 37.111439 3.404434 2.157280 0.912078
139 30.571884 37.178772 3.082032 2.173982 14.470238
140 30.511311 37.049648 3.277558 2.231041 5.548233
141 30.665052 37.076042 3.716562 2.162213 6.617239
142 30.488073 36.898087 3.418412 2.219789 8.627254
143 30.434406 36.963810 3.099514 2.204193 14.080784
144 30.581800 36.875275 3.443883 2.216301 10.610752
145 30.502567 37.008469 3.278721 2.244853 0.880225
146 30.331892 36.836159 2.527915 2.155776 11.756808
147 30.191336 36.895329 2.212353 2.178606 9.234996
148 30.490328 37.014141 1.169837 2.414712 44.451317
149 30.276201 37.087765 0.692588 2.401339 38.527409
