%% Trajectory 587
103 31.263008 37.959442 0.224412 2.405170 284.961456
104 31.111877 39.049896 0.469021 2.670708 193.460205
105 32.671974 39.165848 0.304526 1.911761 232.481186
106 31.431227 37.820232 0.397434 2.498269 288.264832
107 31.402822 37.948929 0.576655 2.532022 222.711166
108 31.414368 37.015968 0.414148 2.625292 306.720856
109 31.226263 37.074509 0.426566 2.454310 244.923965
110 31.766432 37.407669 0.703180 3.101014 96.825607
111 32.055954 37.893967 0.658307 2.650118 153.988235
112 31.128653 37.114201 0.452450 3.054080 84.567307
113 31.847479 37.267601 0.520377 2.637813 177.216080
114 31.860790 37.296001 0.495325 3.180585 110.555748
115 31.222876 38.651077 0.418183 3.103518 180.627319
116 31.545019 36.806664 0.795683 2.549083 118.802238
117 30.569975 37.889431 0.516029 2.981137 179.979874
118 31.415764 37.216167 0.708809 3.203774 71.506660
119 30.990440 36.884209 0.859737 2.222005 87.233177
120 31.843405 37.531101 0.537406 2.830668 184.816101
121 31.902739 36.905716 0.631069 2.512688 202.000519
122 30.857391 37.342159 0.625810 2.491469 200.331070
123 31.200127 37.149368 0.475495 2.821439 170.154999
124 31.333040 37.296944 0.733167 3.360935 66.111282
125 31.417242 37.975979 0.475828 2.698875 284.737091
126 32.016735 38.179428 0.341730 3.074381 185.313278
127 31.029024 40.129967 0.326744 2.672617 345.439606
128 30.451225 37.441799 0.314066 3.113909 203.225357
129 31.101963 37.818283 0.287592 2.464665 392.191559
130 31.144924 36.749062 0.474231 2.730988 237.663300
131 31.688326 36.746140 0.377323 2.501343 318.521729
132 32.663048 37.965027 0.555241 2.662173 245.334686
133 32.114174 37.021629 0.524252 3.028750 153.053894
134 32.182426 37.989273 0.435964 2.830096 273.364136
135 31.289808 37.429379 0.347734 2.723828 367.041656
136 31.597933 37.226379 0.560058 2.399583 280.538208
137 31.850851 37.321518 0.613503 2.727179 206.981674
138 32.290733 37.839256 0.636284 2.962739 209.251572
139 32.140308 37.780277 0.577185 3.473426 83.453064
140 30.285700 35.817730 0.450153 2.713516 352.920959
141 31.525284 37.951355 0.790803 2.693858 140.744583
142 32.121613 37.687241 0.377668 3.496925 111.408287
143 31.452116 37.443844 0.785242 3.060230 86.119507
144 31.546963 37.990082 0.931613 2.613410 57.622753
145 31.184685 36.807217 0.504161 3.251874 99.398247
146 30.847435 39.194630 0.423004 3.455238 57.516029
147 32.063919 36.824612 0.360257 2.467195 300.307404
148 32.407734 38.856243 0.333495 3.090792 238.955139
149 31.904898 36.111252 0.436327 2.498622 364.842834
150 32.608078 36.557644 0.237518 2.955660 219.172714
151 31.798508 37.576954 0.683922 2.662456 171.243317
152 31.123940 37.781437 0.697543 2.403591 159.125931
153 31.323277 37.606834 0.568926 2.280641 246.996735
154 32.180305 37.699875 0.763790 2.876037 118.952187
155 31.886190 36.720169 0.390719 2.502574 417.084534
156 32.729691 38.484940 0.460879 3.375498 71.981468
157 30.811337 37.760349 0.611773 2.633938 233.201370
158 33.235313 37.938988 0.603069 2.880985 155.035690
159 31.339052 36.928360 0.306247 2.869282 273.503998
160 32.647305 36.514851 0.516339 2.413116 295.673126
161 31.504377 36.437698 0.489733 2.736360 178.508850
162 32.456646 37.280380 0.605860 2.517523 201.429520
163 32.779640 38.125927 0.381355 3.143284 134.036789
164 34.459038 39.619251 0.233978 3.204959 148.228943
165 32.811363 37.570625 0.514946 2.791018 266.176025
166 34.349289 39.046082 0.235075 2.310487 332.000092
167 32.737057 36.900982 0.120633 1.223109 89.694733
168 33.090641 38.106133 0.320739 2.982578 251.458862
172 33.902763 37.106735 0.261859 2.201896 384.816986
173 35.246090 36.016102 0.207374 2.359192 272.959839
174 36.375523 38.642132 0.195307 2.520146 345.574829
175 34.423298 38.955074 0.212914 3.060105 177.558670
