%% Trajectory 30
34 28.634184 51.495720 1.628648 2.798360 43.589569
35 28.772469 51.636280 1.167536 2.937994 5.926885
36 29.109272 51.785576 1.361434 2.589556 32.582596
37 28.922916 52.069695 1.161260 2.319503 10.440274
38 28.869743 52.100594 1.462843 2.237113 19.076263
39 29.527374 51.950188 1.527876 2.797101 18.356588
41 29.047602 52.165493 1.442720 2.630470 9.882968
42 29.193762 52.157143 1.858469 2.833330 32.142750
43 29.165327 52.000366 1.837734 2.607836 39.600056
44 29.142677 52.076675 1.571048 2.533809 22.998814
45 28.903856 52.206894 1.694058 2.618594 9.223535
46 29.535051 51.958385 2.061803 2.638566 7.049753
47 28.948656 52.041138 2.126842 2.935911 9.748061
48 28.914885 52.072605 1.737553 2.519830 16.113550
49 29.004326 52.182617 1.811183 2.717482 23.346556
50 29.055298 52.201214 2.054409 2.545033 10.802458
51 28.959919 52.310799 1.937583 2.713883 21.682653
52 29.243580 52.004738 2.186913 2.427423 22.485723
53 28.925346 52.195511 2.193002 2.494348 19.487663
54 29.036079 52.253204 2.144510 2.613242 15.428516
55 29.147036 52.164116 2.037830 2.571015 15.674420
56 29.082132 52.263371 2.598711 2.580779 26.284313
57 29.261000 51.968670 2.251144 2.626068 17.499655
58 29.049467 52.274342 2.294133 2.595577 14.038820
59 29.098362 52.459248 2.193236 2.981191 19.371267
60 29.097931 52.538960 2.591585 2.751975 10.008863
61 29.036825 52.501434 2.515737 2.769281 8.130092
62 29.159241 52.613110 2.248203 2.937950 10.646264
63 28.972336 52.539444 2.335243 2.862191 16.394054
64 29.270527 52.157307 2.225759 2.458777 14.736566
65 28.997984 52.583702 2.373966 2.815719 3.472194
66 29.083534 52.448776 2.379086 2.726173 4.381352
67 29.131247 52.451046 2.486642 2.762288 6.581948
