%% Trajectory 63
8 29.593199 50.801693 0.347390 1.933890 116.936531
9 28.819054 52.279644 0.602998 2.694756 177.382568
10 29.402508 51.352188 0.561374 2.570980 179.768478
11 28.633829 52.180305 0.625630 2.725471 171.620209
12 28.679993 51.833725 0.724763 2.235789 101.826248
13 29.728136 51.741390 0.794932 2.564342 120.851746
14 28.767735 51.867355 0.796404 2.046774 83.426178
15 28.949579 51.737621 0.901499 2.522845 97.973877
16 28.900248 52.021767 1.464497 2.256115 47.795647
17 28.917824 51.608788 1.206505 2.610983 64.488747
18 28.967022 52.092796 1.298888 2.120292 56.293732
19 29.011843 51.809544 1.204943 2.084210 27.327236
20 29.380980 51.816452 1.036060 2.119744 41.218441
21 29.446003 51.821083 1.408036 2.497156 37.937805
22 29.368580 51.628719 1.408866 2.188641 29.256748
23 29.429922 51.590549 1.105911 2.500757 62.982010
24 29.093615 51.701992 1.710799 2.111139 8.853955
25 29.001471 51.900295 1.511449 2.183054 25.668568
26 29.073303 51.725460 1.362168 2.295792 33.755451
27 29.280201 52.089340 1.597131 2.149587 27.417379
28 29.419226 51.823586 1.846962 2.365408 61.517200
29 29.172596 51.844521 1.466707 2.255152 67.259262
30 29.142395 52.221218 1.667122 2.421519 28.198494
31 29.531338 52.052364 1.629935 2.370548 61.542919
32 29.671415 51.828754 1.714163 2.240746 32.880756
33 29.520567 51.413574 1.783347 2.396860 55.728260
34 29.146370 51.388973 1.676688 2.234614 34.753239
35 29.579731 51.573147 2.003662 2.287089 26.352905
36 29.252605 51.846474 1.279986 2.291963 63.570576
37 29.614223 51.693726 1.664810 2.233432 31.846842
38 29.721647 51.677307 2.317040 2.269269 13.124839
39 29.737675 52.012234 1.917384 2.194053 26.330502
40 29.364901 51.738255 1.746475 2.444044 38.244350
41 29.555723 51.766945 1.834890 2.430114 39.884262
42 29.575184 51.757889 1.513531 2.253475 15.505909
43 29.717264 51.620598 1.711943 2.541014 27.310587
44 29.260632 51.696545 1.265886 2.290699 23.336353
45 29.758841 51.081207 1.757482 2.468426 40.917210
46 29.111179 51.520382 1.314751 2.669348 18.999811
47 29.799036 51.442024 1.276695 2.232274 15.845120
48 29.515049 51.939293 1.628055 2.603647 30.839087
49 29.366896 51.833328 1.550507 2.402718 23.491266
50 29.655855 52.224403 1.493610 2.365508 21.446905
51 29.405426 51.665672 1.708351 2.535904 18.823828
52 29.611481 51.650120 2.119385 2.324912 13.482929
53 29.453346 51.918488 1.685931 2.313310 24.652491
54 29.715845 51.857250 1.431116 2.293324 6.200243
55 29.649147 52.137157 1.929602 2.484534 17.497644
56 29.077187 51.887302 1.747492 2.431015 31.854971
57 29.957962 51.638748 1.590159 2.213595 17.561356
58 30.003651 51.499302 1.516119 2.328422 21.249132
59 29.587969 52.087364 1.614100 2.299398 18.495306
60 30.061502 52.283726 1.223468 2.446034 40.258160
61 29.359043 52.225773 1.376577 2.515069 29.038803
62 29.888626 52.044899 1.829050 2.103614 26.926630
63 29.787069 52.124100 1.671614 2.300955 12.105852
64 29.728878 52.034267 2.145412 2.262643 15.685028
65 29.771708 52.486492 1.660866 2.245785 28.899298
66 29.705872 51.887146 1.341293 2.176129 23.829044
67 30.155401 52.038185 1.537278 2.477730 17.452162
68 29.673702 51.917240 1.297969 2.153642 25.679550
69 30.351816 52.187366 1.177511 2.449845 31.757912
70 30.792669 52.567623 1.103004 2.479608 35.771465
71 30.384027 52.606171 1.344670 2.404251 50.203976
72 29.870476 52.883156 1.198871 2.260852 49.231461
73 29.846636 52.714844 1.160276 2.420238 55.001011
74 30.898893 52.974419 1.023508 2.692028 74.270920
75 30.083559 52.611217 0.855631 2.313657 86.632652
76 29.908598 52.632481 1.141685 2.399559 77.417549
77 30.276003 52.767498 1.068903 2.328819 85.967194
78 30.597679 52.279125 1.196587 2.390670 72.874451
79 32.252537 53.987644 1.068805 2.274908 23.826832
80 32.533627 54.364746 0.463125 2.603087 242.408310
81 35.081390 55.035900 0.768786 2.496238 129.113754
82 33.789509 54.059658 0.819715 2.172043 72.453865
83 34.513622 54.180237 0.774793 2.791672 106.657616
84 36.111477 54.399113 0.769815 2.123446 70.373985
85 35.183670 55.837238 0.557121 2.851101 177.612717
86 34.889053 56.961926 0.685031 2.104041 119.275909
87 34.775146 57.630493 0.361153 2.291017 315.021332
88 34.517590 56.255215 0.738421 2.580058 127.210617
89 34.110622 57.525829 0.237019 2.713248 223.782776
90 35.517941 57.233719 0.147955 2.846974 162.925003
