%% Trajectory 18
15 86.038078 57.473541 1.605117 2.483518 21.102650
16 86.477242 57.300430 1.416616 2.252985 24.759388
22 85.834198 57.328629 1.671506 2.157304 42.127693
23 85.712723 57.047455 1.692895 2.361479 25.194372
24 86.100555 57.346317 1.545750 2.294351 27.729858
25 86.031059 57.625340 1.891098 2.223449 35.725788
26 85.946762 57.363594 1.934429 2.297750 56.229370
27 85.832550 57.366405 2.010516 2.257483 32.571857
28 86.383942 57.305424 2.436887 2.234452 32.298061
29 86.129822 57.389442 2.559799 2.273044 23.371140
30 85.955528 57.521370 2.663863 2.498502 27.251884
31 86.102272 57.384068 2.708942 2.223950 49.509857
32 86.050850 57.283783 2.446889 2.309931 25.626402
33 86.166687 57.282375 2.786098 2.213083 40.224152
34 86.290169 57.386177 3.434336 2.285137 35.017941
35 86.298065 57.219364 2.997614 2.317281 39.414387
36 86.103889 57.281437 3.380971 2.213159 34.090179
37 85.984818 57.298550 3.294192 2.353861 13.326578
38 85.967331 57.334763 3.318695 2.305583 23.853897
39 85.794075 57.660942 2.692165 2.446216 22.549915
40 85.808693 57.803795 1.934233 2.147780 69.091019
41 86.077057 57.831692 1.559272 2.355196 36.396339
