%% Trajectory 36
2 87.593353 57.941143 0.755728 3.205562 69.529976
3 86.546051 58.802547 1.315000 2.600865 74.620827
4 86.003677 58.505253 1.434073 2.467062 55.174591
5 86.127892 58.399025 1.535277 2.220161 26.637344
6 85.805328 58.111778 2.277236 2.285165 21.232508
7 86.205612 58.318890 2.768504 2.399599 30.363995
8 85.615669 57.906631 2.746157 2.380939 28.000782
9 85.912361 58.159054 3.104999 2.275408 13.007118
10 86.004021 58.160194 2.867028 2.124684 19.226835
11 86.122238 58.157536 3.222023 2.135593 23.228395
12 85.963829 58.290344 3.784950 2.251508 5.520245
13 85.881012 58.110298 4.143737 2.315629 0.016149
14 85.977165 58.374249 3.935699 2.236666 0.017606
15 85.616310 58.219597 3.301972 2.423402 10.488605
16 85.892471 58.197037 3.397902 2.149283 0.767359
17 85.926575 58.228371 4.104430 2.305119 1.584010
18 85.806236 58.229431 3.878814 2.130586 0.183985
19 85.590874 58.181450 3.654664 2.229642 17.169434
20 85.760078 58.210403 3.886184 2.207040 0.858259
21 85.776505 58.323269 3.531131 2.136654 4.188816
22 85.806419 58.122501 3.512045 2.278800 29.577301
23 85.887787 58.428810 3.390604 2.438499 15.031805
24 85.996742 58.192535 3.724570 2.174523 7.817021
25 85.917015 58.282070 4.206699 2.203195 10.076204
26 85.876694 58.327358 3.639352 2.181466 9.729110
27 85.732674 58.339882 3.447657 2.318640 9.310960
28 85.831993 58.298393 3.772656 2.209673 3.918869
29 85.987396 58.419079 4.369550 2.214410 1.059317
30 85.760628 58.348484 3.876448 2.329704 17.358187
31 85.930893 58.164417 4.295888 2.263351 0.006403
32 86.011932 58.379910 3.918310 2.415290 2.578681
33 86.113052 58.119583 4.275485 2.211889 0.465883
34 85.971924 58.414356 3.931427 2.315990 0.019331
35 85.851616 58.315063 3.639470 2.227052 9.264721
36 85.971092 58.113831 3.497348 2.091368 0.307572
37 85.877419 58.279037 3.953551 2.322729 0.110184
38 85.792946 58.405174 3.886196 2.242608 1.148819
39 85.786629 58.462997 3.281469 2.344759 7.702710
40 85.746422 58.537197 3.657085 2.356633 0.006103
41 85.693443 58.503166 2.865653 2.364002 13.326426
42 85.595718 58.684395 3.301383 2.367622 15.165039
43 86.008163 58.847347 3.613058 2.264344 2.591767
44 85.609764 58.371891 3.033460 2.579449 13.152546
45 85.511795 57.929401 2.975837 2.256410 15.960146
46 85.681252 58.699165 2.855112 2.360079 36.100800
47 86.079231 58.488541 2.335311 2.482907 20.528793
48 85.697571 58.695442 1.537122 2.208013 29.596085
49 86.152283 58.592983 1.502320 2.468719 71.127388
50 85.686302 58.794788 1.790709 2.217747 55.986324
51 86.156586 59.039909 1.116396 2.265870 73.103477
52 86.259407 59.056503 1.279084 2.377727 74.948502
53 85.583572 58.629593 1.476310 2.618464 47.157505
54 85.846397 59.256649 1.496724 2.242768 66.921417
55 85.817375 58.489117 1.282233 2.278975 64.953613
56 86.256134 58.222187 1.362019 2.399993 89.817352
57 86.778481 58.699585 1.297663 1.996239 28.480576
58 86.095673 58.862225 0.738951 2.444098 243.419159
59 86.155479 59.941322 0.506889 2.138026 292.746094
60 86.907509 59.173645 0.810901 2.651884 163.824371
62 84.462303 58.944881 0.528098 2.901225 223.516068
63 85.060371 58.169811 0.579757 2.694023 221.874573
