%% Trajectory 116
14 95.745049 93.504631 0.537709 3.394321 111.583191
15 94.643600 93.950806 1.040736 2.807708 119.649513
16 95.050224 95.716827 1.011793 2.263234 115.817184
17 94.091850 95.762688 1.239722 2.677544 61.558903
18 95.986137 93.981956 0.678616 2.810421 337.419922
19 95.987427 91.370689 0.840360 2.894278 192.222870
%% Trajectory 171
20 94.008751 98.397263 0.580487 3.497761 88.790230
21 93.038956 97.978310 0.480653 2.625708 329.230011
22 94.031990 95.578796 0.626379 3.319973 123.406143
23 94.991302 93.882614 0.901001 2.973021 171.636322
24 96.674759 95.424042 0.548044 2.050326 289.040771
25 95.547569 93.934494 0.875445 2.881890 236.596786
26 96.432976 92.810158 0.528668 2.998580 339.170929
%% Trajectory 384
43 96.519669 91.047646 0.791851 2.105497 223.344421
44 95.379959 90.658295 0.796387 2.902041 115.180634
45 93.825531 91.789467 1.228122 2.718043 60.976330
46 92.975357 90.896095 0.980161 2.238192 131.035431
47 93.535103 91.066406 1.271520 2.896362 64.134834
48 93.313538 91.057961 1.946782 2.445089 45.908840
49 92.316154 90.508469 1.708789 2.416749 62.102795
50 93.257431 91.451210 2.517291 2.525709 26.945076
51 93.275002 91.463371 2.077217 2.553138 38.280247
52 93.094627 91.056259 2.472240 2.173738 35.489460
53 92.839211 91.135994 2.144294 2.082785 58.924892
54 93.120178 91.200081 3.178129 2.470218 24.295752
55 92.811325 90.956673 2.890126 2.199834 44.442547
56 92.803345 90.941734 3.730015 2.308311 17.334064
57 92.541946 90.943604 3.711151 2.170558 6.944564
58 92.632515 90.992676 3.900352 2.163544 9.948587
59 92.643456 91.212730 3.373884 2.264709 13.704233
60 92.706604 91.073662 3.624579 2.313516 0.453337
61 92.517105 91.069527 3.943291 2.290598 2.574878
62 92.763390 91.072891 4.990674 2.404356 0.000003
63 92.501106 91.135567 3.863755 2.163379 2.295391
64 92.942108 91.264877 3.441136 2.239447 11.346389
65 92.521767 90.955292 4.108848 2.289240 0.215390
66 92.708084 91.014091 4.246160 2.160887 0.046984
67 92.538162 91.185211 3.567362 2.364951 30.143862
68 92.616501 91.191360 4.230915 2.127356 9.391625
69 92.829216 90.862854 4.098776 2.189677 8.017805
70 92.540482 90.889069 4.738702 2.254566 0.013505
71 92.588516 90.989861 4.207545 2.330082 2.414348
72 92.576454 90.831535 4.764517 2.156002 0.000060
73 92.403114 90.855690 3.867651 2.261750 1.144009
74 92.629822 91.008224 4.430868 2.391755 0.000159
75 92.526169 90.818283 5.176281 2.256120 0.000000
76 92.622192 90.856720 4.238074 2.468012 0.161861
77 92.492371 90.855675 4.070473 2.321569 15.308208
78 92.410927 90.897346 4.516318 2.181411 1.016822
79 92.587318 90.740738 4.097455 2.397010 8.851952
80 92.881554 91.012589 3.524499 2.149298 20.285166
81 92.572151 91.002342 4.086308 2.241944 7.772717
82 92.740135 91.040909 3.176796 1.996018 14.060451
83 92.713478 91.167732 3.025503 2.141996 14.492364
84 92.436890 90.745857 3.469789 2.499374 2.323613
85 92.952209 90.311043 3.211844 2.398137 7.878961
86 92.735512 90.170441 2.541677 1.996078 9.346304
87 92.461662 89.570152 1.551419 2.007950 23.481630
88 92.610085 89.031776 1.293464 2.301288 48.211597
89 92.254333 89.049202 0.872182 2.154229 143.597687
90 92.518982 89.063293 0.900844 2.112083 142.869247
91 92.740265 89.446602 1.053555 2.494937 86.112053
92 92.873283 89.103989 0.481871 1.506169 110.933250
93 93.898773 89.563278 1.007655 3.062424 76.369057
94 92.090935 88.752106 0.504101 2.186289 391.151794
95 90.440376 88.335373 0.458047 2.535519 337.465393
