%% Trajectory 14
9 93.908737 90.740280 1.597049 2.018790 20.883305
10 94.093292 90.872650 2.033007 2.377243 16.732601
13 94.123299 90.832756 1.890732 2.392298 37.444103
14 94.094139 90.555603 1.723101 2.615024 7.291667
15 93.949776 90.505829 1.956058 2.274050 31.266449
16 94.091141 90.541878 1.644900 2.390341 24.697807
17 94.041931 90.833786 2.052810 2.324026 10.373971
18 94.248657 90.676559 1.990661 2.363008 27.498281
19 94.128067 90.523979 1.759964 2.363198 24.020933
20 94.053566 90.476585 1.704404 2.235327 44.556252
21 94.164062 90.302673 1.491759 2.103068 15.500392
22 94.372322 90.302315 1.564708 2.363946 39.251724
23 94.048828 90.672806 1.564550 2.152298 31.592945
26 93.979568 90.485153 1.938655 2.279704 56.629364
27 93.814133 90.447266 1.575492 2.488115 15.937813
28 93.899040 90.343269 1.852066 2.284936 28.013647
29 94.345352 90.578751 1.702008 2.407034 16.280293
31 94.190147 90.747887 1.633195 2.495301 14.521857
32 94.064453 90.641121 1.777502 2.502928 17.212353
33 93.830116 90.596451 1.956340 2.403329 11.777085
34 94.040985 90.442368 1.843329 2.255285 23.383179
35 93.942818 90.515877 2.068000 2.159190 52.847591
36 94.123161 90.522873 1.590972 2.245540 37.277542
37 94.245781 90.260674 1.455366 2.445571 18.047485
38 94.000938 90.449379 1.900779 2.179025 45.504311
39 94.167046 90.507935 2.094348 2.342919 53.011585
40 94.119095 90.347305 1.850701 2.252158 55.518314
41 94.290237 90.625282 1.876407 2.506068 33.689465
42 94.077911 90.263802 1.622795 1.974899 22.200224
44 94.095894 90.500252 1.873731 2.261744 33.386566
45 93.836624 90.478455 1.688371 2.133157 19.618660
46 93.889877 90.534012 1.600275 2.190904 20.260443
47 93.991608 90.612862 1.934482 2.301728 14.180371
48 93.594559 90.361687 1.775643 2.468327 7.701519
49 93.865364 90.511497 1.936717 2.385660 7.881537
50 94.085152 90.077705 1.649992 2.146259 28.042154
51 93.873894 90.384605 1.945979 2.178083 18.217211
59 93.405937 90.486725 1.966689 2.515324 2.713647
60 93.475418 90.484344 2.048826 2.408566 15.735393
61 93.378464 90.480034 2.496001 2.524076 15.306067
62 93.597336 90.516937 2.375370 2.490622 18.192986
63 93.358437 90.527161 2.547322 2.329621 26.016436
64 93.399948 90.548584 2.643376 2.493608 20.537109
65 93.679855 90.546867 2.735395 2.543343 10.824647
66 93.532646 90.504555 2.792393 2.509986 11.913080
67 93.324516 90.570023 3.437200 2.584293 2.676752
68 93.386604 90.485321 2.806977 2.407436 19.077017
69 93.414688 90.411728 3.297864 2.381623 20.325533
70 93.606171 90.534210 3.530476 2.357877 2.373384
71 93.487289 90.472107 2.845652 2.432874 13.708097
72 93.566223 90.477730 3.041782 2.348154 14.505793
73 93.502144 90.476807 2.830237 2.434395 9.232725
74 93.725670 90.410736 3.076862 2.255835 26.713945
75 92.984375 90.119240 2.162146 2.236164 32.232887
76 93.091026 90.355087 1.075518 2.414126 26.634853
