%% Trajectory 93
143 88.966347 61.029739 0.728090 2.210551 43.633743
144 89.217880 61.650730 0.749824 2.316194 72.971512
145 89.089256 61.161747 0.750655 1.927830 58.459473
146 89.090050 61.763908 1.358754 2.061505 32.610435
147 88.582428 61.589684 0.959711 2.393442 42.123810
148 89.387787 61.612389 0.946564 2.321919 37.862907
149 89.075272 61.444458 0.875942 2.239752 33.008297
150 89.132912 61.809700 1.135399 2.251874 45.374199
151 89.271233 61.909409 1.196672 2.267155 35.586594
152 89.059181 61.944244 0.967915 2.122127 29.575954
153 89.140472 61.155746 1.157640 2.201533 52.166153
154 89.442055 61.860519 1.004612 2.181629 63.473488
155 89.107361 62.019169 1.081250 2.032669 39.838818
156 88.964737 62.026432 1.065116 2.136204 29.863846
157 89.075905 61.894737 0.973930 2.161740 61.005630
159 89.096230 62.373871 1.085968 2.152530 37.578892
160 88.901855 61.744148 1.063143 2.019866 64.631706
161 89.080963 61.809105 0.863276 2.217661 43.811607
162 89.013214 62.036575 1.073102 2.182731 63.730579
163 88.882149 61.440475 0.773112 2.344793 18.710817
164 88.760239 61.713619 1.140724 2.062273 50.088253
165 88.813110 62.149986 1.221445 2.212263 40.794582
166 88.715347 62.032810 1.130733 2.060510 44.218884
167 88.788467 61.883568 1.144068 2.121234 45.474091
168 88.710495 62.146008 1.063341 2.427715 39.777214
169 88.954208 62.170334 0.972344 2.043027 32.405373
170 88.735802 61.679375 1.292792 2.251371 28.354275
171 88.982231 61.921429 1.297247 2.306772 58.503506
172 88.682487 62.007416 1.679183 2.165798 35.584160
173 88.809402 61.865406 1.294940 2.119862 28.450089
174 88.632370 61.948669 0.872474 2.208821 28.763935
175 88.992584 61.822075 1.311088 2.163046 50.967529
176 88.774597 61.954342 1.416077 2.099780 26.629871
177 88.964462 61.978024 1.220466 2.098280 32.458553
178 89.051552 62.148109 1.676733 1.989986 19.184963
179 88.898346 61.793736 1.694075 2.086897 29.483650
180 88.904388 61.942787 1.421878 2.127177 29.312164
181 88.811111 62.011444 1.675221 2.203697 9.893109
182 88.946259 61.984241 1.634768 2.083376 12.695049
183 88.930367 62.062920 1.706625 2.208096 18.694866
184 89.276520 61.977436 1.663612 2.086309 20.878267
185 88.667786 62.058990 1.882803 2.149353 23.389311
186 88.593094 61.897247 1.290680 2.479434 52.182156
187 88.327805 62.096561 1.199895 2.133661 39.515434
188 88.036606 62.064854 1.097789 2.060676 25.258661
189 88.163963 62.287521 1.018270 2.123027 54.337620
191 88.076576 62.505104 0.937074 2.182781 33.057697
192 88.130325 62.567844 0.899851 2.484091 23.783478
