%% Trajectory 1404
144 88.705406 62.754639 0.574519 2.893052 304.547028
145 90.122849 63.527687 0.396143 2.578128 492.890259
146 88.587059 60.951134 0.653744 2.973969 239.376511
147 88.833893 61.805077 0.652186 2.797536 282.886078
148 89.655434 62.946384 0.414273 2.379520 469.495483
149 88.090340 61.709679 0.737889 2.711378 256.120453
150 88.640533 61.719521 0.541108 2.446530 406.033112
151 88.501526 62.939976 0.442489 2.694182 344.555115
152 88.178177 63.003399 0.615491 2.440120 395.851501
153 89.081039 61.844849 0.790837 2.527790 206.817947
154 88.164169 62.776920 0.395542 1.994049 313.419037
155 89.117226 62.671261 0.813726 2.828144 155.510529
156 87.708214 61.063961 0.524754 2.482522 390.915009
157 88.810486 62.757782 0.523325 2.498318 344.601288
158 88.562065 62.329395 0.713653 3.116619 166.062881
159 88.960312 63.081219 1.348777 1.934343 14.473205
160 88.958214 62.389923 0.896107 2.499241 192.344849
161 89.159546 61.762100 1.238716 2.608337 96.459755
162 88.656433 62.505444 1.253488 2.706017 93.578003
163 89.116562 62.612110 1.124691 2.603058 97.251602
164 88.707909 62.975002 0.912711 2.085586 135.828949
165 88.907570 62.251492 0.904521 2.847773 168.978073
166 88.124062 62.267277 0.856508 2.600602 229.823822
167 88.676483 62.192657 0.959431 2.718331 160.555496
168 88.360565 63.456108 0.898220 2.714545 197.454895
169 88.316681 62.401443 0.694948 2.872097 321.162537
170 88.798889 61.905899 0.771781 2.778219 203.517151
171 89.008446 62.283234 1.310349 3.003375 84.776978
172 88.704544 62.449066 1.224007 2.411739 71.159477
173 87.973427 62.978561 0.850264 2.848533 183.030426
174 88.143631 62.899639 0.685417 2.735507 302.148895
175 89.307327 61.928379 1.326461 2.831144 66.850227
176 87.997971 62.910038 1.097855 2.109804 87.998741
177 88.531807 63.123726 0.994681 2.866000 117.540245
178 88.013451 62.283707 0.740588 2.790854 251.546082
179 88.290192 62.009834 0.804988 2.461967 203.753433
180 88.027519 61.874722 1.209973 3.576021 15.308856
181 87.741859 62.726006 0.763551 2.606744 243.567551
182 88.770340 62.960987 0.967758 3.028439 115.334770
183 89.345863 62.542297 0.806622 2.498317 199.808151
184 88.992599 62.096249 1.133548 2.705520 88.597687
185 88.974159 62.983120 0.910297 2.401399 172.004929
186 88.475014 62.944252 0.941397 2.213419 136.703888
187 89.107513 62.761391 0.941364 3.683296 11.316746
188 88.270088 62.013031 0.741856 2.817502 227.609238
189 88.894989 62.681259 1.079855 2.493255 141.550415
190 88.218323 62.950836 0.849009 3.106275 120.502319
191 88.308830 62.996166 1.022012 3.025711 107.164536
192 87.404335 63.105225 1.360450 2.732814 61.418442
193 88.124947 62.754246 1.211072 2.171043 75.825066
194 88.047234 62.445232 0.956922 2.874194 115.501717
195 90.655640 61.890591 0.892488 2.874634 109.578766
