%% Trajectory 36
52 33.235199 76.132874 1.417808 2.154487 4.513978
53 33.630280 76.222740 1.892804 2.401482 29.299324
54 33.056847 76.316177 1.743018 2.248557 40.434151
55 33.311848 76.155853 1.845888 2.400105 40.895447
56 33.035480 76.219238 1.726592 2.392232 30.295919
57 33.161415 75.909782 1.775941 2.327217 30.463535
58 33.176968 76.158081 1.596882 2.426095 48.912235
59 33.215019 76.347763 1.520751 2.323200 45.627956
60 33.011402 76.403221 1.791992 2.508568 11.778174
61 33.187275 76.277267 1.979265 2.573091 42.995121
62 33.115654 75.989838 2.034603 2.408451 36.515640
63 33.219810 75.950562 1.788489 2.592554 26.546522
64 33.011936 76.179390 2.226924 2.277892 32.787407
65 33.022724 76.313293 2.492567 2.230081 42.153324
66 33.074463 76.118591 2.494188 2.317455 30.853298
67 33.218632 76.025139 2.181239 2.332821 34.752274
68 33.033539 76.116570 2.689432 2.313354 37.216164
69 33.089767 76.125183 2.643010 2.267676 33.030106
70 33.029476 76.158096 2.579705 2.160425 43.606197
71 33.002869 76.364281 2.645625 2.181084 27.921314
72 32.922932 76.430733 2.751078 2.442941 46.509895
73 33.041080 76.442780 2.918664 2.428633 28.718651
74 32.776058 76.482124 2.503714 2.488059 48.768196
75 32.882717 76.538506 2.428262 2.298261 46.029842
76 32.873478 76.453484 3.130905 2.598777 19.928419
77 32.924335 76.356514 3.018594 2.464820 13.964944
78 33.020603 76.239128 2.809420 2.551872 23.065775
79 33.009190 76.060677 3.010000 2.740922 6.319237
80 33.073624 76.084999 3.093385 2.475785 18.084723
81 33.211674 76.098015 2.634223 2.363956 27.515274
82 32.809429 76.251495 1.717583 2.547918 53.935463
83 33.988152 75.641792 1.561690 2.908269 11.335777
