%% Trajectory 156
27 35.021091 77.130653 0.625271 1.610831 76.999496
28 33.338978 79.062790 0.744689 2.750393 133.583496
29 33.814827 76.770546 1.155065 2.639975 53.615993
30 33.728901 77.681557 0.862647 2.887145 107.175072
31 31.354336 76.892792 0.834144 2.621681 136.195618
32 33.404358 76.799133 0.768698 2.490746 161.182617
33 31.789671 77.014793 0.423988 2.235596 283.304779
34 32.417130 76.728065 1.505267 2.360326 28.349586
35 32.555527 76.471741 0.821444 2.418342 117.997116
36 32.642017 76.795624 1.025400 2.646881 51.977684
37 32.951363 76.228363 1.704771 2.031468 12.937481
38 33.032959 76.296532 1.792022 2.550676 19.584101
39 32.807972 76.634163 1.460238 2.005859 11.899063
40 32.996719 76.719673 2.100260 2.269588 24.623217
41 32.737560 76.593300 2.190399 2.399494 32.408222
42 33.061111 76.591095 1.918471 2.426021 33.961693
43 32.580956 76.431107 1.643167 2.442243 42.880932
44 32.628689 76.272072 1.928152 2.014834 26.613583
45 32.478710 76.786469 2.670078 2.277976 42.385506
46 32.704746 76.426331 2.086750 2.354594 53.822342
47 32.626514 76.307938 2.329059 2.219101 56.484875
48 32.487427 76.099106 2.303210 2.251509 19.138502
49 32.968391 76.517761 2.548440 2.333997 17.741882
50 33.053558 76.440269 2.551597 2.222290 16.396706
51 32.826496 76.771431 2.716878 2.326543 6.731922
52 32.827827 76.536804 2.757294 2.669406 26.397387
53 32.761929 76.250015 2.612804 2.092786 14.234810
54 33.136757 76.657028 2.656952 2.483654 38.309425
55 32.788967 76.070526 1.959256 2.168333 19.258522
56 32.901363 76.274574 2.621858 2.054019 5.984191
57 33.001049 76.258774 2.272861 2.323568 22.441170
58 32.955536 76.350075 1.742772 2.222197 25.038237
59 33.019005 76.328568 3.766373 2.120103 8.244677
60 32.715687 76.221581 3.050457 2.165765 12.725652
61 32.959118 76.595451 3.169724 2.198976 12.473055
62 32.667892 76.480843 2.957448 2.363533 11.286914
63 32.925552 76.594528 3.276858 2.277759 4.029875
64 32.991077 76.575157 3.288564 2.191280 3.565245
65 32.768986 76.565193 3.059423 2.271519 12.840298
66 32.922874 76.510963 2.807871 2.362419 17.474592
67 33.021011 76.233459 2.413678 2.208864 35.626213
68 32.784615 76.871841 2.570268 2.125317 36.726883
69 32.906120 76.722656 3.367240 2.240153 13.479756
70 32.810745 76.482956 2.344560 2.255411 21.922215
71 32.769218 76.686218 2.989770 2.289792 18.541483
72 32.813099 76.773720 3.853196 2.448133 3.407083
73 32.703968 76.911751 3.450983 2.167740 0.583971
74 32.682281 77.206673 4.031171 2.324951 0.047990
75 32.684372 76.796661 3.738567 2.219504 2.742043
76 32.576210 77.013153 2.655082 2.201350 34.811409
77 32.872635 76.885612 2.695514 2.158347 41.601559
78 32.760353 76.599121 2.443477 2.391642 37.560925
79 32.406342 76.574951 2.440750 2.530452 46.753025
80 32.979683 76.885475 2.675305 2.246296 21.256405
81 32.701672 77.062050 2.571617 2.444404 25.039190
82 33.062687 76.853111 1.894247 2.323969 25.020983
83 32.688202 76.680305 2.322417 2.517998 3.835431
84 32.486683 76.406685 2.055391 2.638860 36.926575
85 32.782455 76.794754 2.308475 2.501738 4.445071
86 32.921570 77.076889 1.755961 2.018440 26.152672
87 33.239704 76.722099 1.853545 2.616521 47.981194
88 32.878696 76.818260 1.987452 2.492255 41.302517
89 33.052483 76.774750 2.204096 2.207372 15.162987
90 33.135742 76.860817 1.573038 2.293753 66.879662
91 32.694530 77.137833 1.874274 2.970838 18.861082
92 32.958611 76.406227 1.217466 3.208907 32.933018
93 32.960148 77.057236 1.114007 2.507801 131.723282
94 33.098000 77.299889 1.697939 2.377187 44.009796
95 32.567596 77.242821 2.117325 2.668201 21.453947
96 33.078278 76.758041 1.241774 2.721378 39.020515
97 32.943298 76.999619 1.422252 2.476663 49.918571
98 32.773113 77.139038 0.937599 2.420808 109.773247
99 32.412800 77.000755 1.091339 2.977082 85.319725
100 33.551418 76.550072 1.116195 2.651562 100.232559
101 32.748737 76.771530 0.985630 2.989213 113.829376
102 33.046448 76.978188 1.015005 2.425837 111.322990
103 32.888611 78.464317 0.564767 2.869042 168.667984
104 33.142048 77.523079 0.833222 3.094311 116.558472
105 32.189327 78.749352 0.595346 2.752809 182.895889
107 32.922268 77.658356 1.082073 2.365794 55.158623
108 33.029022 78.124367 0.612363 2.702026 255.806702
109 33.065502 77.546989 0.492742 2.919234 128.568314
110 34.026356 78.201103 0.584830 2.862741 168.204849
111 34.261795 77.243324 0.802758 2.854304 143.639832
112 36.266972 76.822861 0.556893 2.604621 236.924835
