%% Trajectory 1196
218 61.733532 100.885803 0.307684 1.963334 355.497009
219 62.646442 98.964920 0.437503 2.357428 373.726532
220 63.754490 98.964394 0.446638 2.221673 464.364502
221 63.724129 98.532562 0.703892 2.920114 168.994064
222 63.262394 99.397263 0.567845 2.528882 287.760895
223 63.752949 99.110802 0.672918 2.310656 252.468781
224 63.970325 97.817917 0.622299 3.013877 234.339935
225 63.703960 99.775414 0.841540 2.279186 160.831665
226 63.590633 98.643639 1.068230 2.064126 48.169998
227 62.942341 98.882133 0.617912 2.042176 201.217560
228 64.089279 99.169678 0.760429 2.226030 205.265900
229 63.986626 99.095520 1.196745 2.417860 81.224915
230 63.402885 98.959648 1.173492 2.422994 67.335037
231 63.480385 98.803482 1.496300 2.283087 12.871913
232 63.268387 99.616013 1.118119 2.049400 35.007839
233 63.411522 99.197128 1.744506 2.092776 13.322173
234 63.406944 98.857674 1.111609 2.174346 90.919884
235 63.055531 99.002983 0.972137 2.269646 121.167015
236 63.682098 98.940811 1.606547 2.215543 23.045275
237 63.298409 98.604202 1.883597 2.362917 23.459343
238 63.290573 99.102852 1.957590 2.270253 29.664095
239 63.151825 98.833588 1.993060 2.152912 6.515863
240 63.496887 98.803009 1.582636 2.381101 47.097782
241 63.463226 98.772446 1.616945 2.417384 47.849514
242 63.295807 98.882042 1.686004 2.064214 26.155376
243 63.254147 98.670601 1.897877 2.550056 19.143835
244 63.367714 98.853317 1.327919 2.133888 55.782799
245 63.452034 98.755989 1.334628 2.304365 65.298141
246 63.354424 98.329170 1.383588 2.176424 49.746674
247 63.629528 98.584953 1.512306 2.401528 37.245224
248 63.682686 98.580719 1.387385 2.440320 25.283369
249 63.723030 98.728065 1.439172 2.157971 34.212955
250 63.719524 98.063629 1.182907 2.189241 50.365116
251 63.805065 98.382828 1.553421 2.370823 15.085045
252 63.740036 98.707443 1.518638 2.263532 18.486769
253 63.688156 98.803696 1.500305 2.318249 9.658998
254 63.377277 98.489937 1.848414 2.436321 5.116236
255 63.954380 99.073372 1.541107 2.215033 15.068937
256 63.779232 98.934929 1.599008 2.191392 11.690717
257 63.989208 98.235954 1.700406 2.102559 8.683557
258 64.058380 98.716507 1.426425 2.283474 21.167643
259 64.184212 98.666771 1.187081 2.199222 46.582802
260 64.063286 98.440155 1.996056 2.356232 22.508249
261 63.791622 98.064064 2.046018 2.356685 5.833832
262 63.813332 98.638817 2.343643 2.322273 11.417946
263 64.022385 98.390083 2.110145 2.255835 2.580627
264 63.793114 98.356857 1.864885 2.171959 21.830633
265 64.212898 98.310005 1.529106 2.366744 34.358524
266 64.313576 98.102287 1.586176 2.187541 4.600927
267 64.137482 97.893997 1.279859 2.434646 40.692146
268 64.636406 97.753677 1.553633 2.613117 32.665546
269 65.412926 98.595444 1.167119 2.341168 57.313950
270 64.216858 98.471085 1.409843 2.372343 32.544010
271 65.212067 97.686874 0.832149 2.357840 183.338440
272 62.816917 97.874420 0.889420 2.268219 154.964127
273 63.544365 96.297211 0.368475 3.062047 383.070801
274 64.712753 95.056290 0.478353 2.419741 518.877075
275 62.718563 96.170517 0.688274 2.148299 306.469574
276 63.309845 93.847679 0.285943 2.729110 420.635315
277 61.237774 92.270126 0.353611 2.355103 599.116882
278 60.904705 94.191109 0.592977 2.608880 339.574707
