%% Trajectory 141
186 64.251762 99.039101 0.612544 1.918616 33.118866
187 64.137306 99.291817 0.677170 2.056752 43.284061
188 64.544342 99.292046 0.865202 2.217210 50.546082
189 64.322708 99.347221 0.778210 2.218643 51.160770
190 64.163986 99.012192 0.755993 2.051572 42.873856
191 64.419250 99.024132 0.768755 2.091386 46.142143
192 64.473198 99.312057 0.796490 2.295696 34.251087
193 64.271782 99.175438 0.626924 2.074397 44.126068
194 64.456100 99.450562 0.789817 2.267596 47.686825
195 64.480652 99.281158 0.842493 2.252849 65.660461
196 64.486961 99.009979 0.729759 2.328950 70.643776
197 64.224434 99.099373 0.936641 2.063712 53.144592
198 64.533722 99.095657 0.723353 2.480840 62.142078
199 64.780235 99.366791 0.727035 2.108830 49.520123
200 64.469666 99.152435 0.971899 2.111913 43.290768
201 64.568367 99.149124 0.796013 2.253371 55.963600
203 64.444199 99.269798 0.873505 2.161777 62.865681
204 64.308006 99.415245 0.829379 2.188948 51.604099
205 64.509995 99.286827 0.801489 2.363509 39.886707
206 64.384338 98.973808 0.664052 2.272981 40.430916
207 64.094315 99.311646 0.629009 2.078197 31.201126
208 64.513832 99.313210 0.692658 2.296023 45.708385
209 64.401451 99.335312 0.808464 2.204439 33.320351
210 64.418777 99.225044 0.761611 2.179697 46.437904
211 64.287079 99.012886 0.966442 1.979449 46.148777
212 64.379272 99.099472 0.860523 2.054192 41.635033
213 64.383804 98.973518 0.790893 2.119789 60.197605
214 64.400642 99.031189 0.908819 1.995632 49.224037
215 64.422150 99.115105 1.080004 2.058571 49.203407
216 64.343132 98.871658 0.914422 2.152362 49.832100
217 64.511253 99.555389 0.895478 2.318032 28.179661
218 64.386154 99.039085 0.909865 2.063015 62.509174
219 64.416473 98.895027 0.813507 2.068502 54.144764
220 64.310410 98.966110 0.684519 1.879643 46.032932
221 64.399048 99.284454 0.576068 1.930701 34.971630
222 64.216171 99.020355 0.810852 2.103893 54.720875
224 64.039162 99.055817 0.731434 1.964717 32.949844
225 64.417305 98.991081 0.615502 2.106925 34.162636
226 64.584488 98.635452 0.811926 2.148095 26.502626
227 64.451241 98.986931 0.808200 2.162303 19.889036
228 64.126404 98.820038 0.837117 2.219119 37.369171
229 64.210014 98.805969 0.905081 2.052998 26.138170
230 64.401512 98.852646 0.790378 2.298542 35.650337
231 64.449829 98.918144 0.558141 2.017994 13.335640
232 64.163628 98.440193 0.700241 2.382598 37.962139
233 64.129364 98.576553 0.976984 2.133258 49.610260
234 64.057251 98.585495 0.711979 2.055295 29.350624
235 64.032806 98.489243 0.740159 1.980618 29.237206
238 64.159508 98.555603 0.674094 2.078913 38.005341
239 64.541611 98.427948 0.631106 2.407798 64.440117
240 64.155991 98.688057 0.896463 2.106741 77.600647
241 64.072876 98.835892 0.634458 2.222845 76.320412
242 64.720688 98.274254 0.726845 2.481403 41.530174
243 64.352997 98.816017 0.652603 2.260794 84.601181
244 64.272423 98.575813 1.012131 2.464450 39.501469
245 64.459442 98.723381 0.689601 2.255883 84.057396
246 64.207001 98.662766 1.169662 2.245523 50.796879
247 64.528259 98.924057 1.011238 2.258214 72.840149
248 64.356285 98.898827 0.991183 2.109743 54.762886
249 64.346268 98.706657 1.495009 2.275073 22.428026
250 64.627563 98.649734 1.108163 2.347625 40.608227
251 64.409615 98.705353 1.023601 2.214660 36.901764
252 64.377335 98.615532 1.532492 2.398856 13.781339
253 64.475998 98.597145 1.197315 2.488932 35.262501
254 64.760857 98.486588 1.675159 2.256779 22.597042
255 64.548386 98.661148 2.079049 2.295895 3.012939
256 64.476234 98.789764 1.513614 2.290559 18.631857
257 64.728821 98.758614 1.665181 2.085600 15.572760
258 64.710266 98.750847 1.227259 2.364763 40.282978
259 64.439972 98.745010 0.984889 2.265272 46.283909
260 64.581848 97.971848 0.691842 2.262015 62.889500
261 65.594208 97.604729 0.665458 2.750286 35.484859
262 64.550529 98.124542 0.506658 2.332082 53.768162
263 65.056190 97.362511 0.397231 2.634149 19.600180
265 65.106827 97.711090 0.644413 2.432538 81.228790
266 66.022141 97.964104 0.540918 2.115507 64.226089
