%% Trajectory 123
162 70.106346 54.076893 0.760094 1.789290 13.369754
163 69.941399 54.304279 0.883984 1.962356 18.095016
164 70.137894 54.118134 0.805392 1.925896 17.675108
166 70.113121 54.501461 0.687057 2.115201 26.052425
167 70.066391 54.137077 0.788976 1.940623 18.213202
168 69.968994 54.056553 0.939815 2.200713 25.855003
169 70.152435 53.834084 0.676752 1.862192 19.112133
171 69.733810 54.303860 0.739836 2.065592 42.010021
172 69.844872 54.222305 0.833241 2.048039 43.167061
173 70.164886 53.930248 0.732441 1.864799 30.308601
174 69.485275 54.136230 0.870898 2.178199 29.485645
175 70.104034 54.112335 0.816953 1.928189 6.705159
176 70.223572 54.089348 1.014396 2.091967 41.103825
177 70.200462 54.056808 1.066155 1.971393 3.162948
178 70.192131 54.267422 0.807890 2.138082 35.333416
179 69.906494 53.920040 0.999386 2.052325 16.518147
180 69.946289 53.961433 1.040201 1.909770 1.076472
181 69.772957 53.783421 0.777757 1.985923 35.127853
182 69.969582 53.796310 0.873006 1.974675 20.761700
183 70.062477 54.302135 0.801647 2.001859 25.780603
184 70.100807 54.100609 1.019875 2.025836 19.784517
185 69.945549 54.019482 1.079846 1.944023 24.652676
186 69.883926 54.102364 1.104817 1.961136 36.058987
187 70.282272 54.003441 1.099479 2.090716 23.237663
188 70.135933 53.957172 1.034426 2.159016 45.411098
189 69.760071 54.137596 1.276494 2.279506 31.828608
190 69.954575 54.020782 1.078260 2.205817 46.224079
191 70.170815 54.033291 1.286292 2.191036 41.616890
192 69.743828 54.157566 1.097877 1.983017 32.382412
193 69.659142 54.135231 1.023932 2.129905 42.846268
194 69.408081 53.985363 1.080271 2.316197 46.648556
195 69.663506 53.962227 0.924933 2.069371 67.644730
196 69.519073 53.950199 0.850969 2.192310 71.450737
197 69.235924 54.119370 0.952188 2.089369 53.740463
198 69.260078 54.067875 0.977203 2.070016 68.015800
199 69.392235 54.297405 0.633991 2.455580 80.708908
200 69.288979 54.209839 0.816844 2.131475 43.202133
201 69.302307 54.273502 0.721278 2.114498 51.541828
202 69.155266 54.020954 1.026385 2.147647 39.640293
203 69.262154 54.257107 1.036407 2.183928 63.360779
204 69.477463 54.240196 0.862585 2.449738 49.112972
205 69.108070 54.348530 1.050652 2.365748 39.093185
206 69.121109 54.381229 0.909637 2.309960 47.847771
207 68.992348 54.186932 1.232827 2.204522 39.043667
208 69.101807 54.299641 1.199746 2.349651 36.150650
209 68.753174 54.368332 1.263103 2.319755 34.601814
210 69.021317 54.469200 1.084935 2.370703 50.545425
211 69.199120 54.624195 0.895038 2.284920 59.091625
212 69.115303 54.458221 0.870877 2.364126 38.664223
213 68.835091 54.425667 1.124179 2.141795 49.676147
214 69.006271 54.622231 1.210439 2.257460 38.094524
215 68.914505 54.500038 1.025277 2.310760 61.077591
216 68.887962 54.580757 1.032537 2.296955 50.465740
217 68.719223 54.447701 1.318165 2.387398 35.277912
218 68.889099 54.624729 1.436566 2.331583 15.179753
219 69.074814 54.691547 1.060869 2.622587 49.487492
220 68.954506 54.504189 1.276936 2.369913 33.613464
221 69.014008 54.529728 1.357478 2.390550 24.727291
222 69.246040 54.490700 1.099137 2.447502 40.786510
223 69.487045 54.445934 1.319910 2.645375 32.180008
224 69.114273 54.668308 1.320140 2.336430 43.699020
225 69.313797 54.435169 1.229865 2.432255 34.651615
226 69.265213 54.557102 1.195785 2.342780 37.602604
227 69.292953 54.460987 1.270491 2.300595 31.418701
228 69.317863 54.470589 1.039967 2.503087 37.771309
229 69.202431 54.668564 1.094215 2.873491 19.287838
230 69.155716 54.496582 1.117595 2.604822 26.644953
231 69.202011 54.550835 1.190954 2.209943 27.155045
232 69.042221 54.588280 1.272304 2.237742 47.761883
233 69.599983 54.464375 1.282572 2.353939 37.566204
234 69.270111 54.484646 1.044520 2.366297 34.814396
235 68.997787 54.478226 1.085961 2.350197 44.598064
236 69.110565 54.453793 1.088054 2.400076 32.722466
237 69.150970 54.369427 1.197919 2.741054 17.717724
238 69.597923 54.652203 0.979391 2.406967 47.934177
239 69.586143 54.302502 1.284451 2.500690 35.563633
240 69.648125 54.043690 0.998811 2.397880 66.836830
241 69.995941 54.126869 0.448499 2.191130 63.288940
