%% Trajectory 947
187 69.153084 55.933250 0.209176 2.154787 342.074524
188 69.624809 54.156673 0.483830 2.865467 174.617752
189 68.182083 55.950268 0.249066 2.440538 368.546295
191 69.665848 54.395741 0.768297 2.103406 226.399994
192 68.473305 54.618916 0.731693 2.781388 191.591766
193 69.395599 55.189335 1.064941 2.904995 80.492065
194 69.446991 54.251266 1.483392 2.415250 40.407970
195 68.787460 55.137253 1.163717 2.273814 65.655342
196 69.272682 54.636078 1.351577 2.187437 46.282959
197 69.100449 54.630093 1.099398 2.495184 109.780098
198 68.970703 54.942184 1.369858 2.154753 39.796360
199 69.338280 55.190075 1.618888 2.276981 38.479218
200 68.983978 55.129364 1.382729 2.072386 32.416622
201 69.017059 54.590614 1.482033 2.182418 23.349762
202 68.879768 54.728008 1.467688 2.240786 16.101784
203 68.886581 54.600380 1.605544 2.166762 17.575674
204 69.253937 54.652508 2.002181 2.320831 6.195092
205 69.003952 55.115944 1.830112 2.223138 9.259664
206 69.159592 55.085888 1.447827 2.410749 30.769106
207 69.407852 55.009392 1.533840 2.629182 44.246422
208 69.243958 55.150230 1.660358 2.430948 31.085039
209 68.862999 55.015160 1.560985 2.541216 53.137199
210 68.795906 54.836033 1.574094 2.223764 33.382839
211 68.754913 54.981514 1.892275 2.061744 5.503637
212 68.641090 54.856236 2.029143 2.467966 9.003101
213 68.791908 54.899418 1.785312 2.304611 21.617296
214 69.028084 55.207405 1.978595 2.441367 4.731339
215 69.186279 55.174553 2.197915 2.436222 19.117872
216 68.832550 55.210415 2.090709 2.413994 1.028041
217 68.530807 55.150055 1.923160 2.367224 12.651172
218 68.843513 54.911701 1.811139 2.174119 20.594484
219 68.839760 55.417255 2.007420 2.236556 25.605366
220 68.856354 54.916706 1.747975 2.143767 7.510699
221 68.909096 55.206657 2.195663 2.247412 8.460743
222 68.995628 54.888538 2.127372 2.088697 2.921400
223 69.084312 55.251423 1.770428 2.402356 33.030102
224 69.091446 55.094307 1.969678 2.358225 8.714193
225 69.258636 55.313023 1.579801 2.167918 21.193235
226 69.301941 54.756794 1.673780 2.182972 8.274159
227 68.970253 54.689342 1.753136 2.193636 12.356546
228 68.783295 55.085602 1.526240 2.342609 19.089062
229 69.113808 54.781448 1.823416 2.346612 18.880087
230 69.424408 54.247406 1.552132 2.397586 29.742355
231 69.024048 54.912899 2.401615 2.217696 11.447359
232 68.933807 54.830639 2.201430 2.072537 19.310198
233 69.213600 54.843079 2.071590 2.372793 28.177834
234 69.618217 54.654247 1.231641 2.301723 73.812935
235 68.789124 54.832069 1.323898 2.435200 70.924973
236 69.211365 54.870075 1.093683 2.293174 64.408440
237 69.062080 54.816975 1.524913 2.080050 16.359756
238 69.050430 54.262173 1.822642 2.518845 39.646996
239 69.097099 54.739193 1.517945 2.458180 28.524918
240 68.929314 54.342670 1.672833 2.354551 46.649818
241 69.096397 54.391178 1.639784 2.251501 44.641876
242 68.939499 54.349236 1.189514 2.836667 22.191364
243 68.376038 54.960461 1.239196 2.631049 56.676350
244 67.949989 54.873829 1.714576 2.145295 19.097418
245 68.279594 54.765949 1.911989 2.397429 12.482770
246 68.732353 54.923275 1.509733 2.119283 35.759113
247 68.749153 54.960873 1.725052 2.268771 25.956255
248 68.759827 54.887859 1.918484 2.429481 5.980044
249 68.886864 54.911030 1.399905 2.285896 40.639965
250 68.862061 54.756565 1.003729 2.724812 78.482986
251 69.610619 54.194817 1.038884 2.371353 97.374191
252 67.991219 55.217773 0.694307 2.143462 271.812744
253 68.479279 54.127762 0.812032 2.659803 216.526566
254 68.985748 54.467930 1.047615 2.433044 61.144825
255 69.996010 53.334694 0.702499 2.033107 199.658112
256 68.148994 53.891296 0.292858 2.882095 427.078827
257 70.104797 54.198902 0.796922 2.060326 191.772522
258 69.496506 53.994972 0.508748 2.371915 474.159424
259 72.121429 53.266247 0.365693 3.471181 109.795952
260 70.055817 54.589020 0.544185 2.524765 401.395325
261 68.115173 54.425110 0.431119 2.371240 405.774811
262 70.740883 53.571404 0.463209 3.176452 168.458298
263 68.648781 52.678902 0.451940 2.976931 210.409988
264 68.556221 53.752090 0.246386 3.172109 232.231781
