%% Trajectory 296
358 48.668468 99.270897 0.649898 2.022698 56.644939
359 48.530003 99.455223 0.520369 2.503407 67.203972
360 48.419132 99.494247 0.635329 2.313474 76.606407
361 48.525539 99.556885 0.591023 2.391939 71.741562
362 48.363712 99.159752 0.774291 2.536723 56.504940
363 48.450462 98.914658 0.817553 2.379380 78.270584
364 48.424549 99.075974 0.754359 2.279939 59.810207
365 48.390106 99.182671 0.709950 2.143488 46.494465
366 48.646156 99.098801 0.700097 2.331609 69.984413
367 48.678455 99.238815 0.639224 2.399208 50.154095
368 48.428814 99.269592 0.722206 2.258677 65.182693
369 48.520439 99.258598 0.712014 2.355316 66.981125
370 48.781696 99.459900 0.737936 2.072801 65.176910
371 48.724457 99.479698 0.970519 2.324164 34.478596
372 48.407570 99.301949 0.613220 2.164310 27.876740
373 48.939972 99.364883 0.514936 2.162380 60.588261
374 48.600891 99.858322 0.683814 2.386528 55.158806
375 48.809170 99.481216 0.565408 2.100710 37.295307
376 48.995144 98.994331 0.825039 2.337449 54.705338
377 48.370758 99.554573 0.682158 2.282228 49.064487
378 48.969181 99.281517 0.521389 2.038324 34.594589
