%% Trajectory 2238
329 48.968918 97.621666 0.617973 2.829992 245.790588
330 48.063900 98.713989 0.445379 2.805038 320.744843
331 48.402485 98.721375 0.504805 2.976788 203.691650
332 48.943325 99.424240 0.696037 2.975318 176.606384
333 47.858917 99.190094 0.894365 2.193385 115.347061
334 48.332001 99.106728 0.504593 3.069573 242.277985
335 49.285217 98.253799 0.595216 2.393706 358.361115
336 48.509033 98.487000 0.700259 2.773847 239.545959
337 47.509338 99.108047 0.524318 3.525793 41.348328
338 48.433010 99.119080 1.105209 2.514376 73.800522
339 48.367348 100.342804 0.715002 2.568763 270.496552
340 48.052055 99.462799 0.629545 2.141392 313.280731
341 49.632950 99.617867 0.635230 3.252382 100.475517
342 48.840534 100.412521 0.816220 2.973114 113.388885
343 47.971416 99.882042 1.400377 2.471287 47.514614
344 47.651386 99.469482 1.095688 2.802390 97.479317
345 48.434624 99.380791 1.436799 2.640380 55.981449
346 48.953781 99.138695 1.097214 2.542742 106.855446
347 49.015858 99.420280 1.039510 3.030972 49.634529
348 48.835663 98.869865 1.034941 2.491567 150.979416
349 48.402790 99.728333 0.935105 2.384759 147.990891
350 49.534718 98.972588 0.896735 2.516374 159.086075
351 48.411091 99.720436 1.402310 2.551317 71.481407
352 48.592430 99.592903 1.047132 3.098115 62.811558
353 48.936356 99.660500 0.968321 2.977704 96.469109
354 49.020786 99.182632 1.214215 2.614964 71.771210
355 49.049381 98.956444 1.397486 2.508639 61.945309
356 48.484264 98.973099 0.928018 2.536595 145.858322
357 48.731094 98.966805 1.277079 2.368369 60.956959
358 48.299911 98.815887 1.332808 2.466570 79.014137
359 48.909077 99.326332 1.374223 2.713633 76.951859
360 48.951019 99.751793 1.402311 2.528383 57.382275
361 48.215153 99.706985 1.626525 2.999861 15.246336
362 48.733459 99.801163 0.791321 2.818524 149.297882
363 47.839596 98.938530 0.709840 2.821683 238.676910
364 48.283878 99.148170 1.110658 2.505101 77.645844
365 48.924282 98.925842 1.071145 2.501095 103.329628
366 48.859402 98.992088 0.947892 2.494969 112.688240
367 49.828255 99.578728 1.075237 2.421133 83.830811
368 49.044968 98.874397 1.013167 2.547794 103.074364
369 49.249214 99.661835 1.206749 2.582677 63.982277
370 48.670395 98.920349 1.206096 3.067183 27.349472
371 48.765297 99.562454 0.823733 2.437571 170.978317
372 48.709515 99.467430 0.887548 3.008822 107.716484
373 48.408726 98.410538 1.158723 2.707035 51.248108
374 48.280399 99.060143 1.398647 2.799379 47.911926
375 48.385101 99.731026 0.822877 2.950171 94.357399
376 49.969444 99.023476 0.876223 2.753829 115.762444
377 49.289120 99.113274 0.813054 2.910625 135.237137
378 48.999432 100.068375 0.962296 2.423545 100.911652
379 48.548710 100.946327 0.653609 2.914458 199.165512
380 48.949223 100.131775 0.696590 2.158019 305.533173
381 49.040272 99.696312 0.787657 2.529202 195.712448
382 49.304848 99.051247 1.195831 2.562048 61.749454
383 48.534889 100.685402 0.473110 3.464143 143.562683
384 49.427746 100.147438 0.823510 2.521472 170.602692
385 48.628941 98.975212 1.045451 2.362772 78.815422
386 47.865437 98.441429 0.588554 3.045390 137.056427
387 49.192623 97.986549 0.328944 3.006240 314.727020
388 49.047775 98.922844 0.633004 3.088721 174.118484
389 48.684959 98.481750 0.612851 2.883198 217.752075
390 48.952400 99.669731 0.562995 3.127648 148.788239
391 47.741001 98.764595 0.535375 3.700057 23.757847
392 49.073200 97.873283 0.612502 3.036177 105.992714
393 50.147289 99.453270 0.573869 3.158676 123.618431
394 48.729759 98.149300 0.396028 2.051637 360.181854
395 48.827026 97.076797 0.400369 2.614299 413.692657
