%% Trajectory 54
94 21.604525 86.411659 1.568504 2.136443 25.826830
95 21.535816 86.371124 1.816492 2.304133 28.808731
96 21.569437 86.430733 1.555884 2.210119 24.948704
97 21.615543 86.463036 1.819665 2.229351 52.808460
98 21.456472 86.309868 1.685113 2.147100 38.076797
99 21.509367 86.368195 1.565759 2.184554 28.473177
100 21.662518 86.425278 1.585389 2.177336 19.676123
101 21.658346 86.327354 1.512727 2.080502 30.414991
102 21.870424 86.483902 1.632077 2.064240 28.747519
103 21.629555 86.323524 1.740718 2.140643 51.074348
104 21.648443 86.196518 1.774037 2.041767 35.997139
105 21.589733 86.379074 1.608221 2.162408 47.481453
106 21.525993 86.410927 1.860828 2.270435 44.814320
108 21.644365 86.524529 1.487320 2.280503 32.385216
109 21.583153 86.683678 1.554272 2.281262 66.492271
110 21.547993 86.473961 1.742420 2.297448 46.994995
111 21.834307 86.670006 1.520324 2.096073 69.050735
112 21.644026 86.626839 1.624516 2.253832 48.929714
113 21.802612 86.507202 1.693392 2.205950 83.432281
115 21.718964 86.536446 1.575788 2.270378 71.016685
116 21.564383 86.689796 1.516086 2.255011 72.833923
119 21.886599 86.745369 1.512421 2.196492 68.817467
120 21.981310 86.609169 1.563850 2.078886 28.957489
122 21.990906 86.756317 1.415939 1.987812 33.910866
123 22.040144 86.550385 1.441083 2.267694 62.005516
124 22.063496 86.713036 1.599592 2.096334 28.040821
126 22.095648 86.838043 1.459687 1.984135 37.835808
127 22.075603 86.991455 1.483296 2.071627 60.604900
128 22.019325 86.627403 1.999868 2.178807 34.055885
129 22.067533 86.566910 2.185491 2.106201 30.500610
130 22.014481 86.653328 2.031713 2.090938 42.915718
131 22.152185 86.523033 2.275247 2.223464 40.621902
132 22.077366 86.560722 2.357936 2.153123 45.312927
133 21.922640 86.518784 2.591230 2.222123 42.224472
134 22.063036 86.595192 2.398748 2.139395 46.506676
135 22.086109 86.672249 2.367815 2.080925 38.804024
136 21.977936 86.446350 2.051018 2.157904 37.271080
137 22.020273 86.592407 2.180195 2.075834 42.746918
138 21.942455 86.697586 2.450982 2.153821 38.644981
139 22.189592 86.799484 2.312593 2.143934 42.914322
