%% Trajectory 484
111 22.435381 86.262581 0.439723 2.323261 267.053497
112 21.746948 86.573174 0.867374 2.038853 77.180931
113 21.877937 86.299271 0.875943 2.024965 82.220871
114 21.673864 86.089493 0.809517 2.523829 129.877426
115 22.115271 86.473755 0.753368 2.105628 144.649963
116 22.255766 86.653328 0.973088 2.254890 79.483871
117 21.707998 86.561035 1.053373 2.237374 87.433792
118 21.582335 86.316872 1.046264 2.376367 100.432938
119 22.249323 86.096565 0.828981 2.041926 103.633896
120 21.990480 86.869637 1.035995 1.976715 67.971893
121 21.877203 86.381966 0.724284 2.490153 128.306122
122 22.199705 86.341415 1.121230 2.249502 78.515533
123 22.017635 86.414818 1.102609 2.154073 92.208405
124 22.493855 86.761719 1.292792 2.317937 81.616135
125 22.437363 86.692184 0.946146 2.316606 98.896950
126 22.206831 86.888329 1.548421 2.116500 69.688393
127 22.421213 86.544411 1.324336 2.457905 86.824028
128 21.507040 86.329536 1.259810 2.496247 106.380882
129 22.062654 86.253036 1.350273 2.408475 91.232437
130 22.330029 86.862686 1.335154 2.302368 84.462669
131 21.911163 86.716957 1.535891 2.272746 62.916321
132 22.315619 86.670120 1.801947 2.292557 32.683025
133 22.133991 86.570793 1.408251 2.190497 60.270912
134 22.261679 86.957657 1.014102 2.109164 94.594048
135 22.139193 86.542107 1.360843 2.272002 104.204803
136 22.059570 86.659500 1.325514 2.272357 70.179718
137 22.138994 86.451035 1.975379 2.321266 24.114040
138 22.322292 86.441475 1.744359 2.411576 46.717262
139 22.604681 86.480125 1.347129 2.343909 59.244083
140 22.390739 86.402733 1.672661 2.281306 14.474789
141 22.437325 86.620918 1.505962 2.432718 44.212032
142 22.373152 86.932106 1.440168 2.255949 48.044270
143 22.599005 87.013458 1.698643 2.417166 53.979630
144 22.601749 86.487549 1.420061 2.312923 49.390667
145 22.552763 86.739799 1.357702 2.564173 86.519852
146 22.706232 86.531715 1.382964 2.525195 47.938259
147 22.420677 86.816238 1.091819 2.356081 83.156380
148 22.433161 86.818268 1.391440 2.408604 72.578880
149 22.387383 86.707405 1.287082 2.488079 65.719704
150 22.528044 86.667091 1.253534 2.455623 82.682533
151 22.678120 87.120598 1.031367 2.256103 102.763290
152 22.705147 87.075996 1.094251 2.167330 88.251709
153 22.470896 87.109550 1.207477 2.265365 60.294113
154 22.393997 86.796776 1.226919 2.381675 98.280121
155 22.002529 86.747688 1.013141 2.321557 117.654984
156 21.954355 87.465759 0.535411 2.726832 167.632294
157 22.167370 86.415466 0.609288 2.588605 176.312576
158 21.814425 86.044815 0.452970 2.546117 185.386688
159 22.082535 85.963539 0.527935 2.135257 155.560394
160 21.315607 90.072716 0.293773 2.709449 155.294388
161 23.488335 88.866127 0.398713 2.820282 184.411194
