%% Trajectory 65
105 45.905651 109.620758 1.382514 1.983504 47.068237
106 45.878586 109.645607 1.597603 2.072284 52.989338
107 45.528980 109.724907 1.596302 2.243980 42.871780
108 45.629116 109.593575 1.644061 2.338883 40.702484
109 45.795689 109.775826 1.676038 2.124092 60.862778
111 45.760914 109.664452 1.911378 2.163614 78.910065
112 45.619499 109.701683 1.809838 2.201149 53.372074
113 45.718174 109.670891 1.850079 2.186819 77.443352
114 45.539715 109.759995 1.950342 2.236889 80.117668
115 45.440929 109.771042 1.811340 2.275640 81.918510
116 45.742443 109.723526 1.396392 2.025266 50.083733
117 45.571545 109.854965 1.280202 2.062985 30.682434
118 45.595440 109.741745 1.696783 2.260930 33.949348
119 45.568741 109.995743 1.425287 2.093180 60.614384
120 45.647461 109.783508 2.050262 2.138067 40.692326
121 45.815151 109.853485 1.790777 2.118389 40.201294
122 45.775940 109.923103 1.795097 2.100903 42.827187
123 45.777405 109.866310 1.715637 2.148065 63.363911
124 45.878170 109.921082 1.821580 2.105328 26.527000
125 45.746105 109.842590 1.838755 2.082813 42.000999
126 45.679157 110.069344 1.651972 2.043763 41.835632
127 45.893871 109.931274 1.769386 2.042907 47.128548
