%% Trajectory 396
86 46.895512 110.169769 0.254301 1.795823 225.014908
87 45.936729 109.868065 0.360678 2.540142 194.743805
88 45.653439 109.220810 0.553729 2.153705 141.260239
89 45.295383 109.179848 0.408039 2.205753 225.685669
90 45.210709 109.665092 0.688891 1.977226 136.297974
91 45.316246 109.647774 0.804052 2.117851 116.698166
92 45.231892 109.362656 0.727592 2.361200 142.720062
93 44.634747 109.874374 0.567221 2.371946 179.441772
94 45.403271 109.458244 0.812805 2.122097 93.613449
95 45.476730 109.968216 1.109045 2.215313 75.319786
96 45.361671 109.702629 1.047601 2.279985 87.600983
97 45.536655 109.412224 0.988086 2.279210 96.682281
98 45.405884 109.680435 1.633746 2.395014 51.166859
99 45.245800 109.684181 1.755561 2.350180 67.392403
100 45.440723 109.728188 1.567174 2.247659 64.008911
101 45.272892 109.603920 1.694948 2.263765 38.523907
102 45.083824 109.220154 1.631682 2.249281 51.130211
103 45.360859 109.287186 1.996473 2.461530 39.668858
104 45.033184 109.703888 1.428100 2.239031 71.688469
105 45.120205 109.327621 2.492138 2.244172 7.885026
106 44.924355 109.347145 2.252058 2.394661 31.346916
107 44.899792 109.424355 2.126474 2.312068 39.096775
108 45.088074 109.586739 1.941043 2.264363 43.916367
109 44.945404 109.269409 2.059505 2.175791 18.664032
110 44.713184 109.367958 1.930001 2.137337 49.442608
111 45.018112 109.498215 2.007500 2.271141 23.970018
112 45.006538 109.397881 1.695032 2.287192 41.714569
113 44.887901 109.284073 2.055227 2.256719 17.124949
114 44.942371 109.463158 1.870977 2.547959 55.890419
115 44.784885 109.270515 2.125923 2.389126 26.874332
116 44.822296 109.302917 2.010584 2.222019 25.556965
117 44.713276 109.120697 1.804399 2.298909 38.053288
118 44.569836 109.737091 1.826937 2.448901 35.047337
119 44.642818 109.461235 2.109971 2.400160 30.551331
120 44.640598 109.688988 2.227549 2.339517 17.299171
121 44.921772 109.447662 2.284133 2.326949 35.097771
122 45.182987 109.725464 2.080465 2.317051 24.747608
123 44.846138 109.709198 2.067904 2.211767 26.254404
124 45.026005 109.435036 2.093050 2.156464 17.763117
125 45.066166 109.530182 2.245919 2.261984 22.616560
126 45.180691 109.713570 1.674305 2.167575 67.364044
127 45.192207 109.671638 2.080357 2.357776 42.824505
128 45.261330 109.568016 1.920093 2.240635 18.560760
129 45.075584 109.409195 1.765858 2.173442 53.002853
130 45.249409 109.418961 1.389498 2.336109 85.087296
131 45.016876 109.317940 1.489598 2.401405 69.240761
132 45.105141 109.711693 1.211778 2.230004 71.496155
133 45.313313 109.442787 0.897657 2.264150 110.789909
134 45.560799 109.397026 1.428596 2.164644 78.232826
135 45.278858 109.272736 1.601766 2.340428 73.273666
136 45.208443 109.233704 1.564232 2.264186 58.511860
137 45.655983 109.275719 1.220811 2.262268 91.016724
138 45.272964 109.566750 1.445613 2.539534 66.621239
139 45.018005 109.388519 1.009475 2.299158 109.966660
140 45.318039 109.331276 0.555769 2.337729 250.117691
141 44.736435 108.927605 0.724514 2.133153 150.690125
142 45.653343 109.174225 0.708380 2.478786 173.672134
143 45.495567 108.841415 0.728956 2.336516 196.843567
144 44.590046 107.986717 0.362730 2.643545 235.773651
145 46.402126 108.066887 0.267544 2.221466 317.450073
147 46.395859 108.914856 0.327087 2.020816 199.554337
148 46.990372 109.410606 0.329849 2.858356 147.988144
