%% Trajectory 114
199 59.326824 90.658562 1.116236 2.159031 52.654099
200 59.040226 91.175346 0.710313 1.900816 2.283960
201 59.006962 90.878227 1.014326 1.983676 34.064705
202 59.157566 90.779205 1.076324 2.018357 39.384914
203 59.128357 90.849945 0.933366 1.837868 22.176071
204 59.496410 90.786217 1.049614 2.137331 34.611759
205 59.193043 91.166695 0.883731 1.974932 35.978352
208 58.833954 91.287766 1.042105 2.348881 23.185488
209 59.222359 90.719627 0.758010 1.840891 21.458250
210 59.315620 91.049675 1.073176 2.001315 49.889584
211 59.176579 91.092766 0.941734 1.773133 32.668293
212 59.242783 90.912239 0.977901 1.950078 26.091614
213 59.479244 90.913910 0.960122 2.225258 36.101013
214 59.346718 90.858467 1.273009 2.203963 61.169094
215 59.449314 90.921051 0.991664 2.102508 48.135189
216 59.566727 90.701431 1.049159 2.074299 58.288986
217 59.557064 90.904060 1.179721 2.162806 59.436466
218 59.481033 91.082344 0.890772 2.025585 48.731895
219 59.219692 90.914429 1.087418 1.878312 40.211983
220 59.298531 90.789261 1.046988 2.204120 47.084465
221 59.194569 90.751038 0.915909 1.914890 48.955627
222 59.274769 90.831268 1.285002 1.808267 25.245384
223 59.405136 90.910698 1.323822 1.927771 26.388390
224 59.101463 90.777618 0.972498 2.015428 21.191208
225 58.048645 91.294556 0.649969 1.864561 7.684939
