%% Trajectory 773
192 57.459618 88.812325 0.251765 1.984286 328.917999
193 58.173897 90.858467 0.364173 3.691022 30.966755
194 58.836315 91.481880 0.639248 2.442224 271.305023
195 59.092770 91.196060 0.601710 2.450430 258.114685
196 59.682304 91.519653 0.434573 2.453667 309.661804
197 58.921341 91.995941 0.685396 2.448487 157.981964
198 58.161617 91.396736 0.478533 2.247990 307.164307
199 58.942619 91.361565 0.500260 2.238988 333.902435
200 58.811352 91.206688 0.625751 2.337205 251.256180
201 59.121891 91.264198 0.841270 2.305230 114.385574
202 58.509556 91.339714 0.635132 2.678830 182.672729
203 58.508133 91.447975 0.770360 2.285194 139.266388
204 58.934872 91.154350 0.855042 2.196925 102.425270
205 58.366608 90.506508 0.921658 2.474136 101.375580
206 58.595428 91.111610 1.159181 2.583505 70.101608
207 58.943745 90.989754 1.125544 2.343688 77.385452
208 58.636616 91.104774 1.012210 2.177275 85.245789
209 58.433571 91.260368 1.430156 2.414939 44.816322
210 58.765949 90.803429 1.111396 2.288040 82.555244
211 59.033119 91.687454 1.026831 2.426108 69.056313
212 58.332756 91.538910 1.086503 2.443525 57.184986
213 58.148373 91.019440 1.239176 2.365892 54.505932
214 58.647835 91.071175 1.327750 2.215964 36.006275
215 58.732975 91.453796 1.100607 2.417056 71.611099
216 58.066116 91.522697 1.534638 2.281074 29.764467
217 58.584316 91.188332 1.216002 2.252626 64.411705
218 57.923782 91.385429 1.419617 2.289345 16.696976
219 58.247890 91.163597 1.424303 2.276487 27.413803
220 58.361122 91.393570 1.123644 2.456177 62.342800
221 58.681629 91.465385 1.287861 2.487806 44.164246
222 57.867374 91.235291 0.908377 2.583666 111.433235
223 58.588047 91.521271 1.204733 2.597291 64.763611
224 58.400158 91.267624 1.205753 2.320535 62.990795
225 58.153744 91.973488 1.319864 2.476240 32.396111
226 58.101795 92.077484 1.388051 2.033698 34.074623
227 58.223831 92.059700 1.092392 2.210534 73.010292
228 58.492504 92.205490 1.215240 2.360029 56.092911
229 58.108688 91.900970 1.523212 2.377686 30.711920
230 58.169613 92.233246 1.336695 2.147403 55.015518
231 57.909832 92.407967 1.659969 2.313210 25.324820
232 57.709709 92.413788 1.544130 2.494663 16.066244
233 57.973351 92.435829 1.750690 2.247563 5.914259
234 57.970638 92.033066 1.364303 2.223061 36.820587
235 57.539097 92.275131 1.223949 2.710705 39.402481
236 56.756332 91.003464 1.478724 2.290542 31.502100
237 56.007572 88.781525 0.953450 1.961864 57.901768
238 55.629570 89.207161 0.937877 2.323726 112.984444
239 56.293713 89.794319 0.870401 3.035601 63.565166
240 57.121387 90.764687 0.930290 2.460653 117.429764
241 56.568611 90.939758 0.736270 3.042172 96.843193
242 57.757027 93.296700 0.445300 3.195825 114.542488
243 56.909615 92.506752 0.444115 2.772770 250.930695
244 55.423313 93.336647 0.614133 2.239887 265.300232
245 56.029739 94.894234 0.885737 3.021525 76.951408
246 57.117203 94.893837 0.779563 3.562773 42.632957
247 55.840412 95.621284 0.746131 2.671396 187.390228
248 56.101894 94.292130 0.307915 3.082011 229.374786
249 54.508400 94.064575 0.238418 2.648700 451.454590
250 56.446590 92.535362 0.477811 2.941023 258.741486
