%% Trajectory 21
24 85.847542 57.652588 1.249799 2.202632 42.530025
25 86.254913 58.325268 1.368709 2.027659 15.133821
26 86.088524 57.900322 1.510573 2.219621 27.245680
27 86.039360 58.035130 1.447718 2.135759 25.734730
28 86.291718 58.046421 1.255160 2.109440 10.796908
29 86.185158 58.014580 1.109905 2.057163 4.738881
30 85.798752 57.848557 1.560300 2.600307 16.678017
31 86.069618 58.123081 1.847472 2.077159 17.952623
32 86.134308 57.830406 1.603169 2.053184 20.489927
33 86.138191 58.048870 1.796816 2.097309 21.886160
34 86.086967 58.004204 1.992654 2.056311 16.754011
35 86.091782 58.025398 2.225241 2.086678 12.242769
36 86.151649 57.750366 2.069800 2.335812 35.619328
37 86.070152 57.907211 2.559390 2.117061 15.590768
38 86.037941 57.820408 2.181684 2.160523 20.446619
39 86.117950 57.963581 2.390520 2.255917 25.416409
40 86.295578 57.911854 2.309995 2.076199 9.937140
41 85.893456 57.710587 2.268121 2.249712 19.982134
42 86.033356 57.864449 2.274628 2.101051 22.924288
43 86.058365 58.245838 2.211176 2.383320 27.288774
44 86.079086 58.098289 2.070744 2.338251 17.142504
45 86.009079 57.960987 2.925711 2.201157 1.427725
46 86.191513 57.878918 2.655692 2.208021 13.179902
47 85.887115 57.873768 2.292602 2.467117 8.937962
48 86.159248 57.957191 2.283793 2.041857 13.534819
49 86.082321 57.973896 2.671159 2.249312 14.220910
50 86.099586 57.914005 2.512353 2.255496 16.874483
51 86.093109 57.928871 2.382004 2.220489 14.748329
52 86.142265 57.989727 2.888397 2.209019 11.433517
53 86.090874 57.977303 2.445294 2.260145 8.317649
54 86.015045 58.030350 2.936667 2.201497 4.011283
55 86.241631 57.908546 2.995838 2.156545 7.426737
56 86.166031 57.976036 2.635971 2.167788 7.718644
57 86.014565 57.933407 2.767200 2.182009 10.868391
58 86.165123 57.893898 2.845942 2.224459 4.772214
59 86.077431 57.841671 3.107468 2.187790 8.255967
60 85.989731 57.921680 2.787047 2.363072 7.970866
61 86.010315 58.009380 3.059224 2.239169 5.596911
62 86.085739 57.945671 3.281125 2.196162 10.492076
63 86.001190 58.021236 2.611342 2.194161 4.108903
64 86.114975 57.837830 3.073536 2.279241 16.568659
65 86.110008 57.838837 2.720066 2.206044 23.843967
66 85.993668 57.937241 2.949431 2.230933 12.918962
67 85.953682 57.980499 2.825466 2.274287 0.444320
68 85.894394 57.943790 3.135689 2.226652 13.079518
69 85.838402 58.099747 3.086097 2.302735 9.160878
70 85.920761 57.881371 3.010457 2.142966 9.165460
71 85.884583 57.891151 2.416114 2.185240 7.890626
72 85.994438 57.844700 3.066331 2.230137 8.820427
73 85.931198 57.805077 2.808051 2.185575 7.106835
74 85.894363 57.715752 2.659663 2.335778 1.979894
75 85.911842 57.802422 3.108230 2.331989 3.028551
76 85.980347 57.941639 3.005129 2.222823 0.144889
77 85.931671 57.919662 2.952335 2.203526 4.484936
78 85.812668 57.959656 2.900047 2.128978 5.039268
79 85.854660 57.947887 2.836791 2.225458 3.157440
80 85.848289 57.931694 2.895235 2.221179 2.811207
81 85.795006 57.710751 3.149366 2.240492 1.298182
82 85.739876 57.922596 3.361547 2.302121 0.001018
83 85.749687 57.963505 3.168938 2.170244 0.012903
84 85.784081 57.985863 3.266435 2.286788 0.010137
85 85.528099 58.079964 3.186565 2.355643 0.001856
86 85.534775 58.019833 3.485366 2.442171 0.001601
87 85.560181 57.996273 2.911244 2.417999 1.017777
88 85.501907 57.983330 3.051019 2.382007 0.231726
89 85.512436 57.888519 2.603764 2.320000 2.685214
90 85.396225 57.968437 3.396993 2.288736 3.614968
91 85.252892 57.942997 2.758916 2.224205 2.778336
92 85.457329 58.039989 3.264955 2.397333 10.320547
93 85.354095 57.936562 2.464465 2.208283 12.498806
94 85.434814 58.164768 2.553008 2.357435 19.643410
95 85.397156 58.116081 3.088470 2.369413 4.202736
96 85.338013 58.001987 2.855283 2.202805 4.077788
97 85.324417 58.157043 2.559407 2.422415 16.916405
98 85.436623 58.231209 2.875849 2.318039 7.456985
99 85.429947 58.239025 3.163126 2.416045 6.474126
100 85.579933 58.282726 3.161176 2.448856 2.079825
101 85.411789 58.226204 3.383352 2.388696 0.434120
102 85.503258 58.433212 3.259433 2.520218 12.773268
103 85.573128 58.336941 3.640457 2.449942 1.469411
104 85.558487 58.248753 3.783957 2.438808 6.291664
105 85.423973 58.277870 4.007402 2.479199 8.298964
106 85.560234 58.333618 3.571564 2.506785 13.282252
107 85.428497 58.387165 3.281217 2.463803 8.135843
108 85.606888 58.416348 2.778646 2.500898 26.437954
109 85.663704 58.418056 3.530254 2.524857 4.861128
110 85.646011 58.340199 3.383618 2.526510 15.629505
111 85.602165 58.660278 2.956746 2.406672 7.432144
112 85.664589 58.542942 2.767254 2.508867 18.477850
113 85.786224 58.559566 3.050936 2.301202 17.134666
114 85.727585 58.646679 3.277087 2.251627 7.397647
115 85.625587 58.708309 3.211602 2.440924 11.777864
116 85.783295 58.690144 2.912223 2.289734 34.719315
117 85.769463 58.622471 2.909827 2.430288 22.125580
118 85.665802 58.702488 3.397008 2.403192 9.746361
119 85.754555 58.618999 3.269124 2.272548 22.545818
120 85.900597 58.482738 3.193399 2.413945 30.075964
121 85.693092 58.745262 1.256224 2.359062 57.544804
