%% Trajectory 513
68 85.449226 57.405216 0.430635 2.238459 339.672119
69 85.309914 57.590916 0.448064 2.916407 283.535828
70 85.793877 58.313431 1.075549 2.249108 50.075394
71 85.853951 58.780167 1.068113 2.595221 58.958717
72 85.421341 58.718891 1.368071 2.305990 55.057507
73 85.909515 58.841537 1.371584 2.379308 49.428890
74 85.780457 58.099865 2.092949 2.116109 20.425045
75 85.812515 58.755032 1.887390 2.297406 39.558472
76 85.484634 58.238922 2.392717 2.331818 19.131422
77 85.379822 58.321648 2.524530 2.357040 14.895741
78 85.456543 58.141407 2.250375 2.221148 20.317486
79 85.364227 58.468266 2.619361 2.438378 19.676693
80 85.541100 58.397217 2.843642 2.456061 12.844324
81 85.602730 58.592602 3.219836 2.440207 0.865736
82 85.355759 58.568150 2.908221 2.467658 11.625249
83 85.490143 58.707932 4.075057 2.688309 1.142779
84 85.580841 58.609810 4.139367 2.674706 0.900702
85 85.351891 58.248875 4.347855 2.348756 1.108767
86 85.414017 58.592525 4.431518 2.518700 11.223802
87 85.554680 58.912689 3.763487 2.409726 7.659622
88 85.366737 58.792397 3.862098 2.458170 7.281736
89 85.255890 58.654186 3.740225 2.362044 2.105659
90 85.490074 58.755878 3.611700 2.418765 0.001450
91 85.646362 58.781998 2.971801 2.445908 0.541301
92 85.396866 59.008797 3.370503 2.266679 0.002283
93 85.507843 58.992748 3.403307 2.488854 0.086351
94 85.544411 58.940414 4.021402 2.541230 14.792120
95 85.300896 58.834827 3.721708 2.319647 1.227712
96 85.379524 58.601040 4.688482 2.432067 0.065802
97 85.473709 58.464756 4.564361 2.554400 2.469257
98 85.367584 58.701981 4.468724 2.296228 0.028191
99 85.305771 58.883503 4.792017 2.342480 0.001057
100 85.136627 58.912247 4.614619 2.303509 0.000000
101 85.166817 58.857422 3.768624 2.310654 0.000208
102 85.341400 58.472946 4.797794 2.360269 0.000000
103 85.261116 58.998516 4.346863 2.143346 0.000000
104 85.321564 58.775345 4.352414 2.413027 0.000000
105 85.267052 58.912426 4.148530 2.281366 0.000000
106 85.360184 58.892487 4.451610 2.388734 0.000000
107 85.191109 58.625011 3.057089 2.350705 0.338275
108 85.341652 58.469528 3.227181 2.495665 0.157280
109 85.294579 58.813053 3.621203 2.285783 0.000005
110 85.268814 58.908825 3.386822 2.383420 0.000003
111 85.420837 58.773685 2.722280 2.423655 0.148562
112 85.544769 58.954193 2.809594 2.279271 7.246365
113 85.407867 58.912117 3.531335 2.363973 0.005987
114 85.440346 59.103416 3.322740 2.403318 0.473984
115 85.384193 58.809292 3.398274 2.358418 0.000258
116 85.222824 58.690788 3.202361 2.455676 0.081635
117 85.579025 58.919708 3.254009 2.597816 0.016886
118 85.316582 58.603722 3.305655 2.407124 0.001317
119 85.383118 58.778656 3.461499 2.332726 0.000838
120 85.500931 58.795918 3.754011 2.371040 0.000964
121 85.403366 58.618740 3.387403 2.464974 0.026740
122 85.420334 58.755127 3.027883 2.405501 0.484387
123 85.549004 58.736965 2.533827 2.376009 3.701077
124 85.314796 59.116631 2.439818 2.578437 2.979896
125 85.259300 58.484097 2.889081 2.414381 0.982352
126 85.129860 58.747097 2.441712 2.441652 9.745634
127 85.020042 58.494564 2.786530 2.500830 11.122371
128 85.005623 58.569218 2.274294 2.264044 11.409477
129 84.734581 58.310478 1.990807 2.122676 14.803086
130 84.995018 58.361805 1.554568 2.370591 43.672092
131 85.082451 58.585258 1.334243 2.420536 76.134262
132 85.251259 58.368969 1.134278 2.520749 80.935944
133 85.408005 58.771523 1.734633 2.516388 38.820415
134 85.282455 58.871826 1.540529 2.431152 63.629192
135 84.868073 58.593533 0.851929 2.576258 169.464706
136 85.695992 59.008713 0.935027 2.390574 108.205254
137 85.272865 58.785095 0.755785 1.961205 158.814087
138 85.559830 58.338402 0.830963 2.189824 142.391052
139 85.450905 58.661396 0.323481 2.791081 314.481232
140 84.953606 59.688030 0.634817 3.015028 135.108917
