%% Trajectory 705
93 79.646873 40.532410 0.517040 2.672093 299.500824
94 80.008232 40.751770 0.845753 2.736526 111.701805
95 79.879723 40.456062 0.744612 2.675130 171.065338
96 80.150963 41.480862 0.576435 2.813985 246.230042
97 79.566406 41.465103 0.784556 2.528401 141.669464
98 79.180214 41.809265 0.779802 2.841974 133.028137
99 79.877037 41.212776 0.563898 2.141055 285.362579
100 79.599945 40.915062 1.095232 2.554724 57.014740
101 79.886269 40.385593 1.054714 2.246187 70.126602
102 79.575974 40.971031 1.028299 2.780567 63.503178
103 79.179192 41.171391 1.309513 2.425192 71.344276
104 79.597092 41.393364 1.112682 2.454399 63.137951
105 79.573097 41.136307 0.781168 2.085301 145.257919
106 79.340408 40.862522 1.351725 2.411779 57.678802
107 79.612427 40.965485 1.219268 2.620029 33.577515
108 79.585098 40.712284 1.053339 2.522399 96.980568
109 79.213882 40.983109 0.946668 2.148892 88.776779
110 79.634308 40.628792 1.483305 2.363779 39.161148
111 79.170761 40.594650 0.836400 2.352321 157.786560
112 79.303009 41.139713 1.388625 2.268359 31.381981
113 79.186661 41.233002 1.718212 2.072677 18.764929
114 79.160393 40.904121 1.447611 2.742409 49.631832
115 79.231056 40.402306 1.065084 2.473058 92.522789
116 79.001335 41.034058 0.976458 2.889174 66.592781
117 79.444763 40.618900 1.404138 2.424772 64.012260
118 79.395477 40.437778 1.329817 2.350964 54.192158
119 79.248940 41.022278 1.267542 2.249337 54.860233
120 79.369934 40.728527 1.138615 2.491378 62.222889
121 79.631546 40.891006 1.095872 2.425851 89.738167
122 79.265732 40.296967 1.121947 2.042224 69.548660
123 78.913979 41.086639 1.323979 2.313790 48.437550
124 79.384613 40.832771 1.003243 2.794688 50.460548
125 79.154503 41.286652 1.378540 2.547532 60.588379
126 79.398468 40.320938 1.195785 2.775400 53.982906
127 79.375023 41.053108 1.140566 2.742396 74.515907
128 78.991745 40.895817 1.074426 2.411080 74.307625
129 79.423485 40.730644 0.671415 2.312180 221.106750
130 79.591591 41.083443 1.391114 2.717201 45.572250
131 79.674431 41.141575 1.046120 2.725466 53.762806
132 79.221344 41.332825 1.083234 2.301782 81.586853
133 79.423538 40.530373 0.812469 3.093592 74.603226
134 79.223534 40.269768 1.112997 2.277156 108.138710
135 79.907959 40.630020 1.016986 2.467530 121.545715
136 79.735229 40.902596 1.119048 2.256049 71.810898
137 79.431931 41.197346 1.221650 2.780217 70.345131
138 79.895523 40.154457 0.764933 2.351091 196.652283
139 79.887138 40.635742 0.568371 2.038212 228.375137
140 79.738258 41.034939 1.160718 2.545829 84.889618
141 79.608330 41.215347 1.098992 2.058718 50.225349
142 79.617485 41.038216 1.028731 2.361475 89.026917
143 79.093796 41.016155 0.996911 2.484003 101.961823
144 79.349861 39.714001 0.860789 2.346262 137.316849
145 80.010376 40.943161 0.815701 2.806181 168.484833
146 80.061790 40.910820 0.716964 2.086648 205.249252
147 79.220810 41.260555 0.784546 2.677334 165.677917
148 79.164993 40.348499 0.956755 1.952074 55.945366
149 79.522903 41.150616 1.055485 2.319833 81.908813
150 80.201500 41.334984 0.861515 2.559573 138.869431
151 79.281326 41.069908 0.762343 2.586110 167.484741
152 79.269997 39.943848 0.519416 3.008801 245.981232
153 79.755188 40.893276 0.660408 2.324898 259.851044
154 78.924446 42.325462 0.379231 2.578053 422.047211
155 79.503296 41.179668 0.414365 2.553844 401.654114
156 80.311104 40.980240 0.435501 2.504788 434.066895
157 80.022232 41.884266 0.308695 2.180136 368.157104
158 78.901939 41.258705 0.492357 2.496826 411.694641
159 78.588104 41.510612 0.417557 2.792108 412.959717
160 80.514977 39.896626 0.509493 2.431113 391.353638
