%% Trajectory 40
70 79.987656 39.722614 0.873243 2.400301 43.306107
71 79.613007 39.935200 1.106548 2.384010 44.237144
72 79.960426 39.852146 1.055446 2.229491 39.701218
73 80.169182 39.442177 1.183567 2.197056 48.686279
74 79.842255 39.860107 1.168755 2.206471 37.482895
76 79.450539 39.906773 0.906592 2.439712 19.807510
77 79.805489 40.001034 1.006043 2.304426 26.651731
78 79.959030 39.764427 0.924858 2.277780 21.486134
79 79.863861 39.691494 0.963792 2.069422 29.922985
82 79.907654 39.752556 1.098548 2.156481 31.816853
83 79.758385 39.568420 1.039146 2.321091 23.776484
91 79.785988 39.684948 1.071563 2.298425 13.287256
92 79.701805 39.988747 1.120443 2.082934 15.204286
93 79.871925 39.789799 1.253540 2.211694 20.959017
94 80.156754 39.678066 1.129167 1.879960 24.370173
95 80.037247 39.918526 1.315069 1.959435 15.549606
96 79.640335 39.908115 1.343724 2.161604 18.287382
97 80.042496 39.800358 1.072291 2.006429 1.504927
98 80.118362 39.915478 1.429135 1.910512 15.184986
99 79.769516 39.732536 1.235487 2.050200 16.569262
100 79.741127 39.907600 1.285827 2.120852 21.336414
101 79.763771 39.851620 1.301905 2.061809 8.577060
102 79.475113 40.015835 1.548622 2.116549 12.463440
103 79.588470 39.987259 1.551765 2.033053 8.119034
104 79.736809 40.239838 1.556601 2.143463 13.283871
105 79.542450 40.267082 1.373868 2.220296 15.538401
107 79.717194 40.536617 1.163347 2.282481 1.868606
108 79.746284 40.072624 1.386116 2.130064 17.097469
110 79.477844 40.425873 0.981990 2.437504 21.870272
111 79.536453 40.431061 1.220526 2.366612 32.364422
112 79.629227 40.428883 1.382259 2.189964 34.968807
113 79.382980 40.176014 1.227080 2.219534 21.356651
114 79.521667 40.268337 1.583963 2.282103 40.985119
115 79.504166 39.984550 1.506202 2.073205 38.581676
116 79.294472 39.893597 1.505231 2.136229 34.896484
117 79.640053 39.860180 1.371653 2.035923 53.674629
118 79.420219 39.867565 1.658590 2.161306 34.736469
119 79.543388 40.083828 1.543535 2.172255 27.869526
120 79.556183 39.924889 1.287494 2.012025 28.478798
121 79.386971 40.024887 1.404406 2.025969 43.650780
122 79.575432 40.073681 1.388189 2.113344 33.898464
123 79.646576 39.808308 1.648746 2.233098 32.408707
124 79.385567 39.648792 1.232429 2.242369 46.174423
125 79.386780 39.989056 1.503899 2.166790 40.087101
126 79.448448 40.032444 1.654357 2.104040 16.751568
127 79.438080 40.061798 1.504310 2.103151 25.856827
128 79.411980 39.942776 2.073209 2.244130 35.418949
129 79.389397 39.980038 2.084692 2.161633 26.085855
130 79.490944 39.992851 2.034424 2.136537 20.029129
131 79.590858 39.944618 2.266564 2.187459 20.451445
132 79.714981 39.891136 2.099116 2.036011 20.211885
133 79.715927 40.077106 2.463462 2.113817 23.225920
134 79.636063 39.951553 2.118972 1.994889 21.491493
135 79.633888 39.931396 2.240164 2.191742 17.563515
136 79.617981 39.972565 2.495643 2.131339 14.905365
137 79.600731 40.096077 2.492542 2.135808 23.495417
138 79.637772 39.921223 2.251285 2.083496 17.704163
139 79.650795 39.968697 2.342374 2.147763 23.760115
140 79.597504 39.800510 2.510012 2.114980 10.402871
141 79.694458 39.943588 2.117527 2.053921 22.453894
142 79.807144 39.846104 2.324968 2.003687 17.213598
143 79.705246 39.811390 2.424645 2.097223 18.070478
144 79.758331 39.875874 1.876325 2.014237 25.341621
145 79.725128 39.766544 2.311268 2.152391 28.807161
146 79.822990 39.673492 1.780347 2.128370 44.408684
147 79.990128 39.952927 0.787258 1.837309 35.586948
