%% Trajectory 961
130 45.750225 41.696167 0.182859 1.603798 124.937592
131 46.624142 42.884853 0.372764 2.146833 240.858154
132 45.734138 44.247837 0.596891 3.193352 90.790604
133 46.482620 43.231510 0.464968 2.836632 258.277679
134 46.490223 42.901897 0.603922 2.559319 263.418640
135 46.279774 42.302769 0.556856 2.135916 227.219437
136 46.116879 42.941074 0.750356 2.662942 153.392456
137 46.705193 43.180347 0.827046 2.829840 107.389809
138 45.859959 43.300972 0.888911 2.754463 127.633614
139 46.661201 42.522099 0.534414 2.084902 261.263458
140 46.848808 43.207779 1.098909 2.157674 73.237656
142 46.775208 43.375397 1.034339 2.567548 96.667671
143 46.029404 43.043362 0.672058 2.345456 259.561737
144 46.597061 42.909008 1.812781 2.758986 16.525175
145 46.732388 43.267735 1.107182 2.875264 72.687035
146 46.660183 43.025421 1.607254 2.227991 9.769128
147 46.657257 43.072113 1.715281 2.229059 20.929609
148 46.792709 42.970917 1.691077 2.318847 12.272348
149 46.947739 42.827011 1.732448 2.458020 22.580675
150 46.964146 42.733631 1.954158 2.518580 19.583847
151 47.042591 42.681427 2.042104 2.822253 10.620922
152 46.787842 42.821602 1.886878 2.554668 21.115860
153 47.263390 42.367676 1.502804 2.579942 51.212429
154 46.837479 43.136520 2.065437 2.408026 1.082506
155 47.231541 43.120926 2.003795 2.244973 7.908023
156 47.175743 43.630184 2.411623 2.516085 0.899336
157 47.031334 43.186562 2.537363 2.376196 1.320418
158 46.993866 43.248581 2.406894 2.229832 0.291578
159 46.960564 43.166771 2.633380 2.181299 0.205021
160 47.324512 43.001377 2.440367 2.472979 3.643524
161 47.415733 42.868774 2.448999 2.484833 0.754181
162 47.107399 42.964443 2.560108 2.132420 2.209162
163 47.169521 43.030563 2.476741 2.350423 8.779347
164 47.032158 42.811604 2.164304 2.193992 15.327439
165 47.171707 42.827175 2.494842 2.210103 0.741843
166 47.075615 43.192520 1.449812 2.571464 31.279676
167 47.244980 43.185116 1.956900 2.352461 27.576410
168 47.604034 43.411251 1.562961 2.679456 27.289909
169 47.740925 42.827641 1.752493 2.200354 14.656383
170 47.316097 43.055737 1.763407 2.904077 3.716223
171 47.237804 43.072186 1.680905 2.428935 9.409090
172 47.056419 43.541634 1.333641 2.947750 11.828119
173 46.975128 43.539345 1.081908 2.706373 70.108040
174 47.204613 43.660465 1.442420 2.748149 9.983769
175 46.968819 43.342503 1.435117 2.687196 15.304873
176 47.002983 43.264095 1.082636 2.681056 50.942417
177 46.521347 43.709026 0.681303 2.970778 177.867065
178 46.919365 43.372547 1.293212 3.065517 17.055202
179 47.037895 42.802429 0.901243 2.137900 106.811562
180 47.835129 43.372608 0.700352 2.428287 182.921600
181 47.298740 43.283764 1.046632 3.299587 27.501219
182 46.705967 43.609673 0.735641 2.867902 124.100243
183 46.099850 44.236195 0.820288 3.282758 46.937965
184 46.374271 43.847816 0.560372 2.674503 325.686127
185 47.126278 43.778664 0.889223 2.552903 91.261009
186 47.103825 43.553574 0.460398 2.628473 427.399628
187 47.290340 44.034569 0.452840 2.337404 349.468506
188 46.834652 43.280617 0.716302 2.342319 145.298294
189 46.408245 43.595825 0.499974 3.217419 158.216797
