%% Trajectory 56
108 45.961147 42.166290 0.943127 2.174008 7.736421
109 45.808876 42.526257 1.004153 2.116050 3.757764
110 45.927582 42.862118 0.932346 2.064558 19.158360
111 45.520420 42.679951 1.073421 2.178421 37.745499
112 45.596050 42.622280 1.043849 2.294320 23.090023
113 45.694969 42.873299 1.301527 1.911547 20.673494
114 45.803467 42.419586 1.037090 2.260626 35.934433
115 45.783707 42.776844 1.246957 2.032613 34.386772
116 45.825691 42.461834 1.152657 2.199713 31.972654
117 45.547363 42.607113 0.978417 2.286916 40.171494
118 45.641006 42.734119 1.160761 2.173843 43.243942
119 45.677006 42.969727 1.361356 2.061729 25.319319
120 45.461815 42.993473 1.433171 2.108285 30.283022
121 45.705952 43.058239 0.903445 2.169092 64.157425
122 45.752323 42.925735 1.133675 2.166939 32.963528
124 45.327057 43.082474 0.941765 2.001729 44.081032
125 45.448158 42.856548 1.303091 2.003987 38.411198
126 45.403767 42.985828 0.867777 2.495350 20.579342
127 45.442715 42.749752 1.003361 2.141313 49.099770
128 45.685097 42.862873 0.991788 2.032591 49.398335
129 45.633518 42.872028 1.127794 1.922823 23.047573
130 45.543098 42.999027 1.011123 2.193796 45.499657
131 45.628666 42.734501 1.088785 2.113477 37.592060
132 45.624588 42.731037 0.931914 2.015476 41.121418
133 45.662079 43.234386 1.036909 2.599767 46.505589
134 45.868923 42.762020 0.938178 1.912481 38.246552
135 45.321384 43.133816 1.058501 2.652197 44.772923
136 45.981873 42.805344 1.070387 1.927388 40.102921
138 46.109917 42.848427 0.698343 1.855467 32.310398
139 45.888439 42.608585 1.181525 1.912394 60.117050
140 46.159122 42.585640 1.114698 2.146426 57.412472
141 45.917912 42.482681 0.828687 1.980580 19.098402
142 46.290104 42.729065 0.955357 2.094619 57.575027
143 46.048866 42.815567 0.804688 2.083929 33.896675
144 46.596928 42.591274 0.979638 2.342497 34.656059
145 46.160622 42.991104 1.159679 2.126833 56.557709
146 46.254086 42.745914 1.122479 2.014595 57.116856
147 46.323227 42.580624 1.472987 2.164152 42.488338
148 46.409988 42.744705 1.576055 2.301276 23.377079
149 46.263943 42.725719 1.693745 2.085860 40.502590
150 46.435581 42.664276 2.064833 2.301891 31.840036
151 46.340603 42.698051 2.149889 2.230088 24.097227
152 46.281811 42.938908 2.256820 2.129968 18.941267
153 46.265709 42.663181 1.817134 2.196473 29.475313
154 46.061424 42.905422 2.161747 2.077889 22.497087
155 46.271351 42.830780 2.514700 1.991398 13.136073
156 46.299637 42.889202 2.150386 2.112459 36.303314
157 46.193680 42.730057 1.980456 2.123392 40.169868
158 46.272888 42.813923 2.188925 2.102389 25.510630
159 46.344513 42.800163 2.437447 2.067237 3.240027
160 46.263283 42.684017 2.555473 2.099599 0.428561
161 46.314423 42.598724 2.714880 2.186092 3.669018
162 46.211632 42.762756 2.415276 2.115861 6.765216
163 46.312557 42.774784 2.246025 2.163662 13.708705
164 46.170418 42.789021 2.476888 2.098238 13.895658
165 46.221611 42.947021 2.291469 2.087831 17.377417
166 46.142681 42.756649 2.705535 2.130373 6.239293
167 46.180359 42.751820 2.268245 2.133655 19.634518
168 46.837387 42.948162 2.008961 2.197145 13.618463
169 46.877529 42.730793 1.190702 2.088518 17.574295
170 46.824783 43.156502 1.144691 2.117795 23.867327
171 46.828693 43.534451 0.769168 2.252810 23.402693
172 46.752796 43.549755 0.899261 2.220266 30.159374
173 46.796604 43.742077 0.917802 2.358851 37.134460
174 46.322647 43.695282 0.776710 2.212808 16.434004
175 46.643539 43.789913 0.926091 2.235026 21.267481
176 46.635532 43.560116 0.944950 2.404361 33.619469
177 46.318111 44.132477 0.730831 2.077743 7.774038
178 46.022243 44.039371 0.766524 2.100106 7.802895
