%% Trajectory 18
24 78.949112 69.065468 1.065588 2.292800 29.422918
25 78.793755 69.047165 1.128865 2.008052 12.303841
26 79.031738 68.731613 0.990000 2.098670 14.984361
30 78.718559 68.720627 1.045967 2.146773 14.521815
31 78.743942 68.868393 1.243996 1.886223 8.580268
32 78.771622 68.897316 0.996920 1.977557 4.848679
33 78.814186 68.975410 0.844858 1.906704 3.137073
35 79.025749 68.903336 1.006830 1.854336 6.738594
36 79.087486 68.638794 0.917259 1.938649 15.557797
37 79.076790 68.716217 0.977218 1.836361 12.758106
38 78.656097 69.214867 1.271749 2.044055 36.519611
39 78.937309 68.983948 1.295900 1.897367 16.558615
40 79.068275 69.045990 1.099387 1.949522 19.515596
41 78.782333 69.191261 0.943702 1.950729 27.494644
42 78.463287 68.817368 0.920844 2.227931 18.394871
43 78.538292 68.843124 1.039147 2.046016 13.427553
44 78.733154 68.613861 0.960162 2.199050 12.321353
45 78.515076 69.283638 1.145551 2.366267 30.475388
46 79.436317 69.059250 0.850916 2.060970 19.082111
47 78.755417 68.782951 0.942294 1.997391 18.046062
48 78.915199 68.985092 0.983342 1.957951 13.577200
49 78.866402 69.182121 0.812707 1.686065 16.866604
53 78.933647 69.114891 0.981889 1.781597 9.553985
54 78.751526 69.086632 0.723983 1.736304 15.678241
55 78.543610 69.161469 0.800702 1.974590 10.898410
57 78.364594 69.192314 0.899999 2.006008 5.711477
58 78.378387 69.632370 1.048137 2.285199 11.391324
59 78.633438 69.125130 0.829671 2.096789 2.632535
60 78.647003 69.117363 1.118245 1.857119 12.134920
61 78.403618 68.923203 1.190888 2.339009 5.682539
62 78.083214 68.862038 0.853396 1.708636 3.297989
63 78.345238 69.409058 1.251580 1.982698 9.734280
64 78.287315 69.450432 0.851474 1.983630 10.501488
65 78.108727 69.818542 0.970680 1.818847 9.797264
66 78.430664 69.300941 0.963952 2.105729 13.377543
67 77.834816 69.816528 0.794397 1.978575 0.122955
68 78.331390 69.264275 0.900762 2.064751 11.666995
72 78.129333 69.515465 1.005334 2.138265 2.153668
73 78.570572 69.585991 0.908987 2.188470 0.507123
74 78.824638 69.521744 1.181965 2.073617 9.962161
75 78.380661 69.731621 1.091082 1.974698 5.093487
76 78.326591 69.773026 1.279725 2.036532 1.207518
78 78.386192 69.534126 0.774970 1.934604 3.406543
79 78.466576 69.809998 1.109665 1.960425 12.598035
80 78.408020 69.510262 1.561547 2.145706 25.244162
81 78.425560 69.460373 1.484461 2.260412 24.528408
82 78.549316 69.612549 1.302995 1.977896 41.670349
83 78.552704 69.632027 1.269260 2.026965 33.935493
84 78.615059 69.414932 1.414035 2.123997 36.479626
85 78.815811 69.716743 1.259083 1.944230 11.465096
86 78.661156 69.786148 1.252850 1.926215 15.709438
87 78.303627 70.422813 1.109626 2.035618 18.970491
88 78.112343 70.438004 0.864433 1.758710 7.613858
89 78.275269 70.568176 0.812169 2.099193 29.522434
90 78.127022 70.570335 0.609161 1.992791 7.309718
91 78.343658 70.504280 0.800276 2.186487 21.822569
