%% Trajectory 416
52 78.710594 69.649170 0.737127 2.662527 225.672440
53 77.111053 69.910500 0.885670 2.717613 199.449997
54 77.762337 69.416336 0.816242 2.308053 221.202423
55 77.995598 70.758873 1.550632 2.444592 27.948378
56 77.832306 69.804726 1.084218 2.252374 91.443352
57 77.760292 70.018036 1.254097 2.286370 46.999275
58 78.613380 69.916367 1.492033 2.285258 13.048591
59 77.524261 70.905952 1.588839 2.885010 25.949291
60 77.375839 69.865768 1.166104 2.274127 70.017120
61 78.855537 70.211342 1.385939 2.945618 46.950539
62 77.978439 69.875031 1.351908 2.379593 32.032997
63 78.019966 70.147972 1.406664 2.406977 31.437048
64 78.097832 70.168694 2.186527 2.232583 32.103085
65 78.689575 69.984993 1.380908 2.714219 16.564251
66 78.284187 69.980103 1.695211 2.461542 29.305571
67 77.787308 70.014839 2.082556 2.733708 40.723465
68 78.421295 70.013687 1.538491 2.588424 23.788853
69 77.908409 69.944641 1.925833 2.793010 32.052307
70 78.056877 70.213135 2.402447 2.162909 22.151030
71 77.944046 70.257568 1.795965 2.053757 6.518929
72 78.033333 70.672607 1.504301 2.147875 7.275645
73 78.142647 70.300987 1.811466 2.238176 35.285656
74 77.931000 70.497368 1.636630 2.285290 37.771385
75 78.146294 69.799599 1.561831 2.418864 25.411840
76 78.086311 70.010109 1.938242 1.932190 15.869696
77 78.289574 69.738129 1.877221 2.410510 30.427652
78 78.070564 70.316101 2.005429 2.233744 14.714716
79 77.715851 69.763397 2.278100 2.211724 44.247005
80 78.279045 69.989021 2.101601 2.400267 22.303780
81 78.593941 70.000076 2.125259 2.076964 15.981421
82 78.296150 70.109932 2.024317 2.000096 11.903255
83 78.320152 70.222404 1.765112 2.370575 14.280304
84 78.282570 70.129784 2.099623 2.200954 9.184457
85 78.185242 70.482384 2.075467 2.423738 5.246038
86 78.229858 70.800545 2.262286 2.196199 15.421521
87 78.245522 70.697701 1.764717 2.121664 4.410192
88 78.008850 71.132065 1.023427 2.418496 147.546524
89 77.992172 70.763756 1.841257 2.285075 12.673678
90 78.132767 71.080833 1.070400 2.110889 69.698410
91 78.449287 71.227043 1.276579 2.819767 57.461895
92 78.180298 71.411049 0.917922 2.566077 146.424622
93 77.987579 71.571602 1.442273 2.461105 55.824368
94 78.138527 71.284760 1.202955 2.477057 76.733337
95 77.789635 71.404335 1.230136 2.155167 49.648479
96 77.593178 71.754730 0.740446 2.313922 239.645981
97 78.098732 71.054184 0.653143 2.070148 344.196136
98 79.470055 71.880684 0.937442 2.389202 162.883316
