%% Trajectory 2690
295 80.983810 90.001030 0.354164 3.962982 19.166195
296 82.432503 90.426407 0.908964 2.948424 163.437836
297 83.035591 90.606094 0.702182 2.392622 405.197479
298 81.560516 89.536942 0.397690 2.663053 526.731812
299 82.101379 90.660789 0.382474 2.445919 533.523804
300 82.149353 91.286850 0.803077 2.503187 224.727585
301 82.829330 91.018265 0.832167 2.219003 207.539474
302 82.884552 91.566505 0.620585 2.370938 382.378693
303 82.964500 91.075951 1.555203 2.368305 38.815010
304 82.712990 90.837952 2.069434 2.512155 12.455970
305 82.386299 90.212425 1.863668 2.484400 1.872096
306 82.656403 91.316597 1.849288 2.271951 3.657160
307 82.214661 91.174698 1.388610 2.566010 42.133736
308 82.509972 90.913055 2.217160 2.409893 11.084737
309 82.727753 90.894073 2.602412 2.198188 0.076056
310 82.433098 90.903526 1.977975 2.223048 1.534104
311 82.860672 91.152641 2.197025 2.064813 1.968953
312 82.535019 90.959473 2.286319 2.754629 16.726086
313 82.288612 91.078224 1.946194 2.514060 15.790485
314 82.365860 91.146812 2.478381 2.247657 0.710770
315 82.272667 91.150528 2.053521 2.730748 13.736453
316 82.434776 91.224785 2.255914 2.341748 2.487258
317 82.290009 91.134842 2.586978 2.303170 0.436272
318 82.096596 91.596848 2.512755 2.311407 0.040115
319 82.400581 91.116516 2.564532 2.409403 0.126265
320 82.248154 91.403671 2.310359 2.116345 4.686298
321 82.094223 91.707932 2.894657 2.357205 3.198198
322 82.199829 91.344757 3.095631 2.450488 0.031512
323 81.945267 91.635117 3.205231 2.384312 0.176101
324 82.107285 91.077049 3.565777 2.253734 0.032131
325 81.985573 91.346428 3.642805 2.406505 0.760853
326 82.187294 91.419861 3.433434 2.359507 0.066009
327 81.960258 91.429611 2.880590 2.631939 13.576399
328 82.331001 91.372055 3.616132 2.542880 1.252356
329 82.317627 91.378151 4.329978 2.529003 0.743523
330 81.928421 90.995705 3.742076 2.253953 0.000164
331 82.215042 91.191338 4.112679 2.202581 0.000001
332 82.064751 91.135254 4.121085 2.264074 0.000792
333 81.785294 91.281639 4.272921 2.313569 0.002356
334 81.863167 90.925896 3.923314 2.475034 0.628341
335 81.950188 90.893959 4.116459 2.579305 0.102826
336 81.886726 90.941994 3.363483 2.668243 0.225069
337 82.045563 90.842964 3.883427 2.542446 0.313099
338 82.090431 90.197510 3.887401 2.851202 0.539902
339 82.294952 91.037956 3.096392 2.956821 4.491493
340 82.044136 91.241447 3.293418 2.879687 0.097118
341 81.950516 90.321960 2.373276 2.796883 5.737749
342 82.052361 91.139282 2.371960 2.566545 6.483356
343 81.636330 90.807648 2.929322 2.454401 10.005029
344 81.649933 91.211029 2.610126 2.729727 9.406655
345 81.397018 91.645691 2.899265 2.563563 1.974370
346 81.172615 91.772171 2.682099 2.258429 18.193087
347 81.297363 91.695030 2.425663 2.403144 18.976542
348 81.741943 91.792572 2.483398 2.575166 14.935697
349 81.143661 91.568398 1.972897 2.622914 17.202827
350 81.218185 91.812424 2.971101 2.497089 0.053733
351 81.187096 92.601768 1.833796 2.283060 39.095959
352 81.070877 92.157425 2.438555 2.642964 3.276110
353 81.173645 91.967415 2.325980 2.230883 17.427004
354 81.126457 92.125023 2.652203 2.491253 0.129565
355 80.946571 91.499779 2.067040 2.605161 17.167168
356 81.164818 92.187851 1.574604 2.288935 7.603910
357 81.016930 92.017403 1.566944 2.365139 35.047703
358 81.206657 91.963432 2.004664 2.161130 13.958482
359 81.929710 91.721596 1.179326 2.168198 27.558664
360 81.767235 91.594421 1.768351 2.339190 26.553036
361 81.555672 91.911079 1.488701 2.259069 29.533327
362 82.074722 92.007835 0.859815 2.667750 180.198090
363 81.062859 91.632248 0.950955 2.321635 142.592041
364 82.398834 91.619263 0.374733 2.496408 599.158813
365 82.219734 92.027412 0.378442 1.963758 568.407959
366 81.866623 91.147690 0.498124 2.683498 371.284088
367 80.990219 90.859154 0.697118 2.831837 255.767166
368 81.781693 91.514458 0.761381 2.776638 221.658569
369 81.328758 91.546997 0.473319 2.976658 367.230988
