%% Trajectory 123
247 82.085579 91.728035 0.957231 3.174662 14.194881
248 81.931580 91.420784 0.916713 3.239357 1.681540
249 82.992851 90.899094 0.754935 2.741707 51.944809
250 81.388504 91.895821 0.767677 2.684879 39.944084
251 82.112129 91.227219 0.754896 3.026706 18.660542
252 82.878922 91.208588 0.849977 2.963001 31.565071
253 83.133804 91.345749 0.968313 2.878388 25.770758
254 83.103302 91.013504 0.910604 3.054840 47.299152
255 83.339745 91.441719 0.527820 2.671221 111.710915
256 82.677811 91.249680 0.634307 3.091247 38.271439
257 83.273155 91.338188 0.752855 2.179918 97.530174
258 83.731224 90.953629 0.657651 2.337640 108.367836
259 83.736473 91.302704 0.791417 2.510224 93.540611
260 83.375725 91.107948 1.108652 2.364489 36.778439
261 83.282059 91.281731 1.138059 2.499383 47.011021
262 83.616211 91.293350 1.112367 2.422232 41.106762
263 83.120216 91.458679 0.979243 2.583139 71.199524
264 83.411728 91.453293 1.138421 2.588278 40.603058
265 83.558960 91.659073 0.985405 2.465012 70.721329
266 83.752495 91.177788 1.321708 2.318411 22.452290
267 83.526039 91.147247 1.319592 2.251643 24.147865
268 83.477028 91.268173 1.513559 2.390754 3.158629
269 83.261139 91.341049 1.596045 2.314708 2.177381
270 83.627617 91.101639 1.444982 2.395675 8.557673
271 83.335320 91.225456 1.481022 2.287970 6.773882
272 83.622520 90.786514 1.459679 2.658947 4.814247
273 83.520477 91.026474 1.668678 2.425542 3.051949
274 83.726952 90.964699 1.556118 2.444005 5.465555
275 83.491867 91.126579 1.456084 2.357929 6.584871
276 83.667007 91.114716 1.293998 2.273586 9.588517
277 83.539993 91.003235 1.424392 2.312963 6.018191
278 83.520706 91.347023 1.716839 2.403158 11.784190
279 83.584106 91.255142 1.784601 2.454810 15.324680
280 83.358826 91.169296 1.694153 2.315660 4.552489
281 83.650696 91.348625 1.866005 2.337351 0.963405
282 83.505806 91.488716 1.290023 2.630560 51.842537
283 83.527176 91.218407 1.404919 2.322217 38.160126
284 83.627037 91.383644 1.828161 2.411337 3.490234
285 83.549347 91.169235 1.703346 2.281246 8.125512
286 83.600418 90.989456 1.597990 2.195629 17.541569
287 83.667694 90.944389 1.759691 2.310092 5.010791
288 83.789803 90.878540 1.356995 2.479910 50.723267
289 83.798973 90.838318 1.764708 2.460778 9.807493
290 83.579926 91.286514 1.634232 2.456476 12.552464
291 83.589317 90.977310 1.495055 2.297997 26.101833
292 83.439590 91.177338 1.907464 2.351653 1.872659
293 83.716095 90.767456 1.730043 2.227270 6.983946
294 83.583313 91.089233 1.744386 2.377766 3.799841
295 83.481735 91.141830 1.519437 2.179909 15.630778
296 83.586212 91.044945 1.560684 2.335460 17.952742
297 83.459473 91.181572 1.290970 2.259025 47.924023
298 83.345276 90.995903 1.414157 2.292181 37.408409
299 83.523026 91.071915 1.645596 2.350287 11.119769
300 83.650536 90.974609 1.382716 2.247104 46.208233
301 83.424515 91.389671 1.265109 2.399817 72.457100
302 83.469185 91.330162 1.516698 2.448600 21.723927
303 83.264626 91.236954 1.414311 2.101648 16.536104
304 83.417969 91.319336 1.341175 2.192700 39.579472
305 83.471321 91.345772 1.346747 2.281526 30.098459
306 83.425072 91.308304 1.667754 2.412278 7.991742
307 83.336517 90.993279 1.771657 2.154403 4.589648
308 83.277519 91.345184 1.475159 2.225977 31.644646
309 83.252342 91.314827 1.801581 2.339535 6.080781
310 83.184860 91.327744 1.891286 2.257027 5.046685
311 83.190025 91.536987 1.912159 2.306197 1.017911
312 83.082085 91.458405 1.802940 2.389586 5.109572
313 83.228699 91.359886 1.530035 2.298311 28.166780
314 83.101257 91.382858 2.112812 2.196121 0.518936
315 83.241043 91.318863 1.716116 2.291114 14.483296
316 83.015038 91.433983 2.081167 2.156410 3.670493
317 83.052650 91.264961 2.382316 2.272028 0.104007
318 82.978828 91.412857 1.982238 2.212371 3.384710
319 83.079224 91.590240 1.691009 2.481310 3.954375
320 83.000839 91.521599 1.655586 2.344686 9.964866
321 83.002823 91.556267 2.095931 2.278783 1.053851
322 82.685028 91.639870 1.741288 2.537123 24.283791
323 83.009369 91.579918 1.938393 2.367215 5.774091
324 82.852570 91.652039 1.867581 2.383684 6.251989
325 82.859512 91.569672 2.052764 2.302498 1.964237
326 82.721382 91.572289 2.024463 2.342173 2.347238
327 82.769630 91.529984 2.392179 2.359010 0.489729
328 82.821373 91.169449 2.375908 2.347384 0.341115
329 82.806870 91.552788 2.333906 2.527672 0.425385
330 82.601555 91.396484 2.376749 2.460155 0.035783
331 82.587036 91.465569 2.179474 2.433325 0.108280
332 82.429474 91.796333 1.837904 2.487765 2.700659
333 82.566467 91.801949 1.892053 2.310348 6.169514
334 82.650490 91.830818 2.312530 2.169363 0.383344
335 82.499626 91.677628 2.198849 2.425946 0.137279
336 82.669991 91.750626 1.502049 2.271216 32.360340
337 82.485222 91.960030 1.709937 2.216006 31.031408
338 82.459686 91.963242 1.971584 2.227947 15.256471
339 82.599945 91.755402 1.795263 2.209315 7.352066
340 82.577003 92.006012 1.700242 2.234221 21.520969
341 82.557419 91.792221 1.695745 2.177309 16.146631
342 82.513786 91.879539 1.892349 2.299988 16.172255
343 82.598579 91.854248 1.790264 2.246998 15.295707
344 82.102058 92.046143 1.716866 1.973992 14.952987
345 82.135811 92.065399 1.314386 2.254155 37.687099
346 81.877449 91.821983 1.236889 2.122731 30.138935
347 81.672356 91.756462 0.907470 2.130692 86.916603
348 81.693672 91.822517 0.873896 2.097492 79.547318
349 81.311844 92.164764 0.666219 2.024888 82.547066
350 81.630013 92.125969 0.802303 2.240383 105.113983
351 81.090294 92.052505 0.641429 2.265450 84.863014
352 81.656784 92.337082 0.521682 2.582756 67.257339
