%% Trajectory 3136
344 71.607948 101.464066 0.288481 2.484075 459.204102
345 70.729736 102.274521 0.332231 1.973864 430.131256
346 68.381264 102.679146 0.959671 2.527506 118.383621
347 67.197327 102.576996 0.626854 2.347999 454.570099
348 68.534874 103.192696 0.578516 2.493251 451.983459
349 68.130035 103.134895 1.062857 2.234486 64.168228
350 67.967499 103.644463 1.005610 2.118431 77.146965
351 68.760300 103.169289 0.956975 2.339412 139.655640
352 68.429840 103.781677 0.828188 2.296868 209.390320
353 68.488747 102.818642 0.954358 2.573328 132.019821
354 68.523285 103.008553 0.805176 2.600896 216.662170
355 68.788368 102.977577 0.918466 1.945599 106.053055
356 68.714996 102.798965 0.725738 1.969241 235.600052
357 67.945084 103.068253 0.599229 2.359348 449.320190
358 68.103737 102.911263 1.446600 1.959778 17.572842
359 67.942963 102.889725 0.605825 2.244392 427.321136
360 68.253044 102.940720 1.268352 2.303797 40.245739
361 68.262535 102.782104 1.219618 2.289035 45.374477
362 68.660500 102.929672 1.573237 2.148321 20.577072
363 68.220718 102.988686 1.362594 2.120257 17.286594
364 68.052025 102.825058 1.236521 2.205152 46.288509
365 68.401360 102.674500 1.190158 2.518476 47.161655
366 68.337006 102.551987 1.204035 2.511770 29.507151
367 68.373123 102.911255 1.281473 2.241872 59.585690
368 68.260643 102.813797 1.421873 2.436465 17.270702
369 67.819389 102.758842 1.486117 2.569442 39.127903
370 68.208061 102.626076 1.833890 2.644249 13.900055
371 68.377335 102.853149 1.626452 2.070189 7.993655
372 68.324646 102.428101 1.994357 2.167268 11.040819
373 67.692604 102.948975 1.086119 2.238980 69.309883
374 67.661079 102.689087 0.648229 3.161561 271.789825
375 68.003258 103.226631 1.422509 2.332928 27.351387
376 67.933769 103.204376 0.884964 2.983150 144.347809
377 68.076515 102.451462 0.864012 2.151653 160.733215
378 67.532143 103.321205 0.888788 2.486169 126.831993
379 67.846138 102.703743 1.576086 2.148500 30.604404
380 68.103622 103.339554 1.858253 2.170520 1.614103
381 68.184967 103.227448 1.911431 2.028250 7.101614
382 68.269981 103.110191 2.069896 2.227360 12.838639
383 68.339836 103.318787 2.175003 2.307742 10.351710
384 68.611061 102.934799 1.787720 2.338856 26.640196
385 68.109138 102.691216 2.119843 2.114708 4.088108
386 68.059212 102.813248 3.300608 2.184079 0.000012
387 68.250748 103.010422 2.280403 2.187129 0.570397
388 67.777954 102.949318 1.575246 1.917896 4.219665
389 67.933556 103.239372 1.467778 2.233071 26.738714
390 67.860970 102.553680 1.819386 2.447854 10.756269
391 68.042427 103.263626 1.136518 2.403814 75.937027
392 67.993599 102.924484 1.604306 2.101695 8.107396
393 68.006828 103.251457 1.480036 2.601868 16.485952
394 67.834045 103.257828 1.468387 2.128119 11.186695
395 68.115570 102.478897 1.677817 2.213089 10.100000
396 67.715584 103.144257 1.302785 2.159927 37.647228
397 67.989471 102.883873 1.529632 1.770294 6.238758
398 67.815208 102.612442 1.867499 2.611649 10.880012
399 68.089684 102.680328 1.868199 2.254695 1.220662
400 68.336571 102.362892 1.528652 2.196243 4.043757
401 68.114777 102.825272 1.102320 2.190642 84.082535
402 67.356316 102.412025 1.432346 2.201210 17.576120
403 67.775169 102.450058 1.408150 2.185456 13.743138
404 67.679558 102.443085 1.382108 2.042510 21.932175
405 67.825157 103.542969 0.580690 2.394363 484.746521
406 68.120461 103.021614 0.835131 1.929624 161.207336
407 68.097687 102.807884 1.108144 1.905699 28.790670
408 67.819092 103.044113 1.358867 2.359544 15.435666
409 67.600395 103.118210 1.472481 2.097716 5.347975
410 67.591034 102.962013 0.820569 2.378162 253.823044
411 67.705681 102.990875 1.087502 2.382517 77.423027
412 67.636993 103.778427 0.838226 2.494762 254.309662
413 67.243614 103.031960 0.781093 1.939492 224.536636
