%% Trajectory 178
296 69.054550 102.916428 0.557444 2.126157 59.151787
297 69.071800 102.940582 0.533237 2.277489 102.609253
298 69.607719 103.282425 0.537206 2.537798 59.310135
299 69.323479 103.379768 0.633499 2.218814 99.142365
300 68.943848 103.477402 0.737683 2.126046 128.744247
301 69.390129 103.178688 0.623867 1.960750 50.693859
302 68.879814 103.238876 0.658142 2.120306 104.839783
303 69.245522 103.361664 0.670947 1.990878 114.221336
304 68.956482 103.338203 0.710329 2.204687 96.231102
305 69.440018 103.321091 0.561831 2.150898 104.216240
306 69.136658 103.233643 0.749552 2.332591 132.721558
307 69.289841 103.289017 0.627959 2.154781 108.589088
308 69.048317 102.968575 0.796221 2.375070 99.897194
309 68.813049 102.554230 0.588531 2.706692 64.894630
310 69.285217 103.062256 0.681174 2.318919 79.667862
311 69.355667 102.902367 0.445697 1.999515 68.080070
312 68.658928 102.838264 0.687859 2.274228 99.892227
313 69.234489 103.178574 0.503872 2.438011 74.036888
314 68.844154 102.894386 0.560111 2.124501 66.426483
315 69.351578 102.846954 0.527037 2.387716 75.294174
316 69.500175 102.819534 0.564576 2.747640 43.045280
317 69.262840 102.675674 0.618732 2.444512 49.129814
318 68.799797 103.310776 0.418273 2.103296 49.199245
320 69.447433 103.020027 0.592380 2.274611 79.588821
321 68.991310 103.253654 0.531079 2.184011 98.648476
322 69.091873 103.267555 0.451803 1.965560 45.294025
323 69.002434 103.017921 0.730974 1.971531 62.668663
324 68.333260 102.787865 0.705877 2.136082 95.675797
325 68.746323 103.287949 0.710796 2.162513 96.989395
326 68.875893 102.891418 0.805994 2.164511 87.197891
327 68.989006 103.120941 0.735946 1.837280 50.475460
328 69.127678 103.026939 0.856943 2.009838 68.366341
329 68.940002 103.293747 0.867944 2.063747 71.587471
330 69.140953 103.027191 0.531571 2.177124 78.263710
331 68.723923 102.871170 0.793550 1.936689 64.313339
332 69.139160 102.884834 0.815671 2.033330 84.638351
333 69.303902 103.047195 0.570296 2.183893 73.624184
334 69.064674 103.359283 0.583066 2.037424 81.435249
335 69.329857 102.937050 0.655635 2.155349 105.581551
336 68.848167 103.321945 0.710858 1.880755 59.064423
337 68.680031 103.149750 1.043009 2.012221 76.902458
338 68.836304 103.055901 0.953181 2.171807 82.789047
339 68.768532 103.113495 1.106061 2.149599 78.547165
340 68.894211 103.025520 1.027585 2.013680 48.054573
341 69.283920 103.074654 0.689889 1.904948 42.535439
342 69.223373 103.285919 0.342485 1.743347 14.106469
343 69.344452 102.980507 0.673985 2.155367 48.953262
344 69.402634 103.292831 0.721691 2.215264 78.654297
345 69.334366 102.789078 0.458429 1.894563 65.120995
346 69.372826 102.969498 0.688314 2.198571 80.658760
347 69.418335 103.085899 0.420503 2.089456 76.706528
348 69.245712 103.199654 0.375101 2.071032 69.728004
349 69.589882 102.914101 0.663685 2.326780 106.981789
350 69.689728 103.374413 0.741656 2.604581 78.708572
351 69.146057 102.914803 1.018500 1.865391 24.895203
352 69.248344 102.786995 0.976064 1.972712 44.907803
353 69.168846 102.740509 0.855902 2.124650 82.344551
354 69.110786 102.796761 0.960028 2.121500 69.647217
355 69.252762 102.694504 0.907018 2.196112 69.145683
356 69.146286 103.112053 0.785985 1.871762 22.505110
357 68.923584 102.819221 0.705187 1.880669 31.254976
358 69.168839 102.254883 0.839104 2.216764 77.429977
359 69.151909 102.631615 1.015209 2.114983 39.571842
360 69.002762 102.732292 0.663944 1.967558 63.562733
361 68.807846 102.387932 0.892206 2.123024 57.579201
362 68.821457 102.454872 0.879749 2.100604 73.936836
363 69.141571 102.619347 0.814612 1.943855 33.345737
364 68.825768 102.542770 0.811684 2.058272 46.237816
365 68.596115 102.407578 0.432135 2.544648 75.659485
366 68.592659 102.619339 0.737289 2.129782 78.648560
367 69.053169 102.536552 0.922253 2.153573 93.395462
368 68.799278 102.312424 0.689765 2.288256 102.905548
369 68.639214 102.358360 1.152494 2.104935 36.021790
370 68.774170 102.371246 0.827162 2.118692 58.720997
371 68.920593 102.534660 1.041347 2.301700 42.521896
372 68.813637 102.656174 1.035643 2.105489 56.655220
373 68.786758 102.373032 1.136901 2.065786 48.635277
374 68.781364 102.651009 1.431553 2.224502 27.235910
375 68.945969 102.440155 1.033135 2.213424 76.308609
376 68.915512 102.696220 1.337064 2.228606 26.909155
377 68.915581 102.560577 1.319122 2.104442 37.050201
378 68.944794 102.479614 1.306792 2.328660 39.669533
379 69.037720 102.898529 0.952517 2.099126 68.780350
380 68.879791 102.547836 1.385366 2.362669 15.880984
381 68.882118 102.523445 1.338300 2.139437 14.481773
382 68.729286 102.663406 1.219174 2.147596 18.609928
383 68.637405 102.666252 1.377602 2.185762 15.568292
384 68.990456 102.585640 1.261999 2.058548 31.066191
385 68.825706 102.826843 1.512557 2.167280 10.411406
386 68.840538 102.701813 1.400998 2.025414 5.792636
387 68.786552 102.676453 1.672957 2.048408 1.752088
388 68.695923 102.624046 1.647835 2.421372 4.535723
389 68.821495 102.988251 1.457178 2.073798 6.029090
390 69.044029 102.940582 1.005365 2.280209 63.119484
391 68.975113 102.953590 1.350281 2.125401 11.421013
392 68.988457 102.789528 1.219791 1.932568 12.862840
393 69.107880 102.595352 1.306128 2.174220 24.785805
394 69.035004 102.742569 1.062442 2.340447 71.688423
395 68.745506 102.794350 1.279064 2.102915 33.915218
396 68.886055 102.648483 0.945441 2.272409 85.540733
397 68.930527 102.415276 0.810886 2.196410 99.003838
398 68.477852 101.958061 0.582829 2.064004 104.454979
399 68.829620 101.820305 0.376717 1.899261 56.601868
400 69.408081 102.094933 0.420805 2.838231 100.957001
401 69.152763 102.331818 0.398291 2.663534 93.556328
