%% Trajectory 669
115 7.736273 61.834763 0.397549 1.855325 228.161148
116 8.863630 63.338280 0.147529 2.075529 306.535553
117 8.298206 62.962311 0.335513 1.898977 233.474075
118 9.074032 62.334782 0.441910 2.096444 266.701294
119 8.530479 62.957134 0.332018 2.200108 391.263733
120 7.744952 63.072636 0.366969 1.979250 344.904541
121 8.971511 62.677265 0.656243 2.083607 207.449707
122 8.193143 62.875504 0.656324 2.389634 180.933975
123 8.821999 63.066868 0.759277 2.163580 135.013199
124 8.218119 62.904182 0.801018 2.315902 133.414917
125 8.852036 63.388321 0.748120 2.443986 177.079620
126 8.181409 63.222866 0.678352 2.274263 169.171036
127 7.937816 62.539539 0.831579 3.088101 62.144085
128 8.307057 62.985867 0.842531 2.170516 98.694496
129 8.559827 63.129562 0.645813 2.317377 203.232559
130 8.812077 63.329201 0.690511 2.292288 183.914749
131 8.382184 63.245964 1.065672 2.228717 56.583939
132 8.442883 63.123001 1.279611 2.061914 22.167000
133 8.654294 63.049053 1.242118 2.246917 37.957729
134 8.552602 63.366554 1.126905 2.264555 38.857761
135 8.642117 63.140633 1.097065 2.249842 70.650055
136 8.525949 63.036179 1.015679 2.160512 60.780849
137 8.426234 62.893581 1.127369 2.400230 66.406105
138 8.426397 63.479610 1.063060 2.698393 60.725563
139 8.481503 63.267979 0.929067 2.580788 78.392853
140 8.702624 63.087170 1.261601 2.111824 60.030704
141 8.677539 62.704773 1.213450 2.537629 42.931557
142 8.276134 63.028099 0.868269 2.578150 99.965660
143 8.522390 62.955288 0.832755 2.515166 129.676819
144 8.568567 63.202034 0.983925 2.509854 65.734245
145 8.621098 62.883572 0.924347 2.266093 90.852936
146 8.753447 63.155605 1.074447 2.346224 78.971451
147 8.238378 63.184967 0.922031 2.642058 95.723083
148 8.645144 63.383427 1.004714 2.437612 81.273865
149 8.827777 62.997051 1.199868 2.241595 65.874550
150 8.503525 63.094353 1.284274 2.458541 29.666996
151 9.014185 63.087963 1.046337 2.190559 57.289604
152 8.814414 63.323162 1.338081 2.610443 43.094440
153 8.579279 63.199074 1.204021 2.151861 36.891243
154 8.810306 63.371288 1.227216 2.417825 39.443016
155 8.619956 63.232189 1.123152 2.174781 51.333729
156 8.856029 63.381371 1.303171 2.279220 24.768904
157 8.542943 63.177406 1.254485 2.338999 43.431923
158 8.324934 63.390011 1.427310 2.424232 20.999619
159 8.830592 63.278782 1.699396 2.140206 5.206886
160 8.529175 63.067055 1.149970 2.153956 42.875233
161 8.325292 63.453785 0.837208 2.379982 116.063225
162 8.267336 63.248512 1.038600 2.316849 78.320038
163 8.409836 63.346531 1.042830 2.607550 56.960228
164 7.979934 63.163502 1.040543 2.211806 43.397495
165 8.244534 62.803501 1.153528 2.607040 31.193247
166 8.338189 63.171112 1.252425 2.560865 38.514469
167 8.303021 63.201431 1.010684 2.394818 52.005356
168 8.423156 63.666172 0.770306 2.541129 138.486816
169 8.866265 63.211941 0.582019 2.658829 228.807129
170 8.519416 62.823524 0.818476 2.411751 124.503471
171 8.534669 62.732952 1.038618 2.775609 39.630066
172 8.310919 63.187943 0.904626 2.697641 65.518280
173 8.702759 63.023304 0.874071 2.446154 103.294388
174 8.947435 63.066639 0.882569 2.246103 94.026794
175 9.241259 63.336075 0.948365 2.372707 86.051857
176 8.346825 63.665825 0.718154 2.711275 171.878052
177 8.929765 63.297314 0.950060 2.846916 70.124001
178 8.821710 63.315388 0.944032 2.904204 49.619236
179 8.719409 63.721104 1.250359 2.380827 42.284740
180 8.955180 63.554157 0.712466 2.365731 188.880600
181 9.333484 63.167126 0.393260 2.580060 322.327606
182 7.822915 63.217926 0.491286 2.412615 325.443298
183 7.919474 62.809029 0.476696 2.486871 260.242615
184 8.386063 63.994686 0.319096 3.089650 153.528244
185 8.057667 62.134716 0.307101 3.039472 208.015442
186 7.481960 62.932381 0.396388 2.731220 364.016663
187 9.051356 62.482620 0.357552 3.190835 185.932266
188 8.928161 62.478725 0.272810 2.913661 342.785309
