%% Trajectory 39
81 7.535585 62.804199 1.415223 2.225477 14.654562
82 7.582607 62.518745 1.285123 2.436164 16.513975
83 7.630398 62.533684 1.070218 2.213818 17.794018
84 8.011918 62.108570 1.268851 2.326383 18.507553
85 7.777577 62.342316 1.268556 2.371141 29.957603
86 8.082159 62.412743 1.072294 2.499691 21.492092
87 7.499688 62.462486 1.040801 2.139956 24.848503
88 7.346937 62.656395 1.242942 2.199326 20.679642
89 7.797977 62.267437 1.399588 1.997292 13.197838
90 7.775100 62.600784 1.467876 2.148147 5.552221
91 7.768431 62.418259 1.637522 2.303579 26.718102
92 7.779964 62.382908 1.288453 2.297478 24.107399
93 7.963949 62.476318 1.338428 2.156129 31.315142
94 7.595584 62.349525 1.175738 2.057744 12.937858
95 7.546696 62.162926 1.032987 2.104874 0.014914
96 7.789786 62.193890 0.989284 1.951396 9.629560
97 8.230512 62.276588 1.443526 2.295121 12.533863
98 7.474505 62.536903 1.117031 2.287898 36.127148
99 7.761451 62.111706 1.431260 2.062125 6.861234
100 7.854488 62.477058 1.270348 2.320841 5.567514
101 7.930317 62.289452 1.306331 2.264664 23.586954
102 7.854080 62.282566 1.298254 2.495928 41.253960
103 7.615652 62.413158 1.378152 2.213550 43.670364
104 7.638389 62.348110 1.081221 2.051676 29.637655
105 7.767937 62.455029 1.149134 2.662031 35.001270
106 7.664108 62.507042 1.031416 2.166146 2.527931
107 7.718598 62.562958 1.200662 2.506420 22.503618
108 7.966155 62.310291 1.374538 2.169485 31.970823
109 8.128953 62.428093 1.172406 2.352502 15.230333
110 7.608319 62.412525 1.432454 2.203200 33.739826
111 7.727837 62.275074 1.370335 2.367178 33.970592
112 7.628831 62.332806 1.421054 2.127019 18.960373
113 7.587483 62.641571 1.321640 2.114110 38.855999
114 7.756758 62.518349 1.449084 2.413305 49.588673
115 7.770389 62.451752 1.413638 2.377361 54.071461
116 8.089008 62.562370 1.471760 2.102947 46.407787
117 7.885781 62.488892 1.579286 2.148759 35.419407
118 8.131166 62.552837 1.637069 2.111237 35.982464
119 7.748279 62.684689 1.244162 1.976719 29.682749
120 8.093889 62.768448 1.175927 1.994275 26.258797
121 8.042619 62.760704 1.316129 1.983489 37.510540
122 7.932955 62.858753 1.320365 1.875235 17.740152
123 8.037342 63.022438 1.119364 1.957358 50.845554
124 8.048675 62.860855 0.766826 1.857066 21.249538
125 7.952977 62.829327 0.938578 1.778039 26.108503
126 8.032968 62.685871 0.943844 2.274500 36.092941
127 8.236367 62.941906 1.327814 2.215081 41.496021
128 7.951133 62.854435 0.934611 2.120349 16.865934
129 8.000269 62.728790 1.170057 1.887682 32.075245
130 7.662219 63.175331 0.772580 1.847118 5.200865
131 8.187847 62.980816 0.732579 1.885424 9.533269
133 8.035029 63.035557 0.764565 1.696037 5.934226
134 8.040627 63.254208 1.358483 2.189844 64.341179
135 8.260526 63.075119 1.120720 2.203939 39.427567
136 8.203266 63.004925 1.286130 2.256598 57.137531
137 8.297667 62.972443 0.947559 1.926967 23.323610
138 8.089631 63.234219 1.111160 2.380597 42.625328
139 8.373118 63.001625 0.908265 2.078360 34.960762
140 8.315434 63.086620 1.179693 2.106570 66.791702
141 8.222908 62.942425 1.003715 1.933204 37.939121
142 8.337753 62.823242 1.078950 2.138938 79.505684
143 8.339267 63.086754 1.433272 2.131179 30.026449
144 8.155278 62.939674 1.247020 2.002303 43.441227
145 8.007900 63.160130 1.570165 1.947694 21.952711
146 8.099566 62.960548 0.994008 2.208938 54.872150
147 8.142918 62.856934 0.987654 1.986274 48.156448
148 7.987746 63.143032 1.165676 1.899727 29.146053
149 8.310413 62.915962 1.202442 1.993438 36.161167
150 8.206059 63.079922 1.396960 2.062967 44.225521
151 8.390492 63.021233 1.372000 2.425680 32.011692
152 8.112024 62.616692 1.565056 1.939965 37.864384
153 8.231818 62.762306 1.008485 1.930767 32.222424
154 8.102735 62.788773 1.312083 2.068937 28.039644
155 8.346919 63.059914 1.934143 2.030729 30.092880
156 8.135698 62.951424 1.730568 2.123106 30.149992
157 8.100678 63.002953 2.094349 2.205677 24.371326
158 8.121858 62.935246 1.424728 2.054620 32.222851
159 7.857879 63.003868 1.540158 1.984630 13.232407
160 8.106688 63.025459 1.406344 1.855259 27.011209
161 8.168343 62.934704 1.347373 1.987211 31.638247
162 8.031018 63.002129 1.094634 2.233465 41.851997
163 7.942102 62.973938 1.195979 2.016207 28.392176
164 7.832520 62.716301 1.193058 2.067416 39.499783
165 7.808307 62.769703 1.029227 2.030963 39.767502
166 7.584987 62.744499 0.688269 1.834702 20.359049
