%% Trajectory 45
142 83.702309 63.039207 0.834807 2.474411 44.599285
143 83.566826 63.413143 1.051436 2.530631 54.311047
144 83.773773 63.068520 1.136905 2.056758 54.424046
145 83.869453 63.190395 1.045672 2.178384 40.937801
146 84.262589 63.057533 0.793064 2.322562 43.225330
147 84.131294 63.153793 0.762491 2.237710 43.619289
149 83.511497 63.100117 0.899518 2.366100 56.835369
150 83.815018 62.951408 0.840779 2.353264 21.559084
151 83.781212 63.051247 0.781030 2.105496 51.153969
152 83.960831 62.921341 0.927441 2.136211 77.888451
153 83.855362 63.222328 0.930473 2.095776 71.859192
154 83.949425 63.207195 1.334721 2.082619 70.682671
155 83.876503 63.038086 1.203328 2.314858 43.978397
156 83.548355 63.207500 1.176655 2.251090 48.563232
157 83.921715 63.022705 1.080761 2.077522 45.113522
158 84.171150 63.235813 1.030551 2.104992 52.780994
159 83.805725 63.142197 1.256943 2.115514 51.802460
160 83.709152 63.104702 0.985783 2.074735 54.806568
161 83.995979 63.159271 1.310058 2.015087 48.000431
162 83.881828 62.989983 1.154042 2.092017 64.586449
163 83.719894 63.172619 1.630663 2.173382 61.262691
164 83.775063 63.071209 1.570779 2.215958 49.444962
165 83.775551 63.109646 1.411711 2.058252 41.299091
166 83.839577 63.101227 1.094684 2.132393 48.301617
167 83.884407 63.166935 1.091102 2.240400 32.752834
168 83.507233 63.147858 0.964156 2.487838 41.834400
169 83.376778 63.196312 1.310983 2.243037 61.766487
170 83.514320 63.104790 1.156202 2.216559 31.550440
173 83.336662 63.217403 1.102465 2.284168 37.816772
174 83.304512 62.967628 0.866004 2.078886 13.461241
175 83.821259 63.246056 1.253817 2.207179 26.374043
176 83.564903 63.070023 1.238089 2.210411 17.174885
177 83.292984 63.353798 1.037450 2.180676 29.505213
178 83.628616 62.991310 0.972772 2.285843 16.953545
179 83.588501 63.145996 1.155268 2.314817 32.233463
180 83.628899 63.178185 1.258254 2.325080 38.980900
181 83.671402 63.206802 1.209181 2.315222 29.990170
182 83.615395 63.093472 1.082370 2.217894 12.632479
183 83.540970 63.194195 1.356815 2.288289 13.003685
184 83.754036 63.261585 1.506459 2.075411 10.259645
185 83.621887 63.387493 1.391877 2.178329 6.174243
186 83.716660 63.252365 1.162229 2.070279 13.103861
187 83.538803 63.215748 1.311882 2.420791 38.156998
188 83.717552 63.280338 1.546404 2.192281 39.935482
189 83.643501 63.282734 1.742802 2.207586 25.235405
190 83.713982 63.316799 2.168696 2.126726 48.739460
191 83.685555 63.364193 1.824246 2.226730 33.179008
192 83.653915 63.273746 1.700807 2.218877 18.722082
193 83.767761 63.304550 1.102030 2.024778 22.347624
194 83.936531 63.361420 1.310510 2.043562 29.424814
