%% Trajectory 1072
154 83.285759 63.717609 0.424205 3.186215 92.921547
155 83.205864 65.656395 0.543066 2.562207 216.896240
156 83.723991 64.476852 0.360169 2.777775 235.735947
157 83.805580 64.578018 0.250558 2.271531 288.862457
158 82.656456 62.638161 0.359502 2.501715 301.946747
159 83.306274 63.858532 0.529360 2.375219 262.137848
160 83.769379 63.264515 0.397272 2.482187 394.894684
161 83.362038 63.218166 0.791182 2.238085 74.572975
162 83.428215 64.402687 0.571086 2.512740 241.350677
163 83.665977 63.913567 0.456142 2.170564 330.528137
164 83.455223 63.106075 0.477277 2.019415 216.523972
165 83.745026 63.168808 0.649577 2.150152 183.550568
166 82.930832 63.161526 0.458543 2.918964 205.519760
167 83.347580 63.785183 0.703703 2.660877 144.103317
168 83.139961 64.067177 0.728168 2.575669 120.160538
169 84.010849 63.649940 0.576019 2.460771 272.655457
170 83.264618 64.301224 0.604492 2.269520 266.785156
171 83.436935 63.848377 0.703452 2.271364 113.446190
172 83.395638 64.080589 0.968728 2.037833 26.996365
173 83.482109 63.440720 0.783443 2.728682 81.164436
174 83.299332 63.653061 0.894619 2.514194 67.929886
175 83.184044 63.671947 0.706977 2.225341 119.853828
176 83.125511 63.521919 0.844155 2.728450 66.779228
177 83.373512 63.436340 1.087108 2.412367 48.652340
178 83.658409 63.958588 0.807012 2.235392 94.069359
179 83.313660 64.301758 1.170432 2.177200 49.361549
180 83.370369 63.479725 0.995316 2.344353 66.254333
181 83.419258 64.109856 1.218088 2.260477 32.451340
182 83.747002 63.562714 0.704610 2.333119 135.075302
183 83.643555 63.947136 0.777067 2.463196 115.531586
184 83.507317 63.261429 0.619680 2.451287 165.324249
185 83.754341 64.422890 1.102673 2.443751 46.645805
186 82.951355 63.994526 0.868571 2.596466 113.371208
187 83.549271 63.906685 0.844663 2.823058 70.686714
188 83.608742 63.700825 0.846353 2.355817 131.421753
189 83.101585 64.092331 1.033808 2.158907 50.300201
190 82.937515 63.908291 0.509620 2.822119 225.627182
191 83.232597 63.720791 0.703130 2.500668 183.845978
192 83.127045 63.976498 0.812913 2.369626 128.372375
193 84.050812 63.959976 0.481109 2.107178 303.778778
194 83.087082 63.985878 0.637321 2.206371 190.654175
195 83.764511 64.171272 0.613440 2.484867 221.705811
196 83.544647 64.053978 0.809361 2.559278 122.124542
197 83.405296 64.720459 0.701465 2.560046 145.574158
198 83.823547 64.115936 0.712660 2.776239 139.982193
199 83.573624 63.165470 0.730856 2.692041 192.572662
200 82.916206 64.349045 0.807158 2.651027 108.445824
201 83.525223 63.749004 0.704917 2.806457 136.630066
202 83.103142 63.981430 0.620022 2.039953 183.481888
203 83.023750 64.304352 0.483187 2.528139 286.068970
204 83.066177 64.723145 0.364827 2.649233 294.848480
205 82.596672 64.046837 0.569688 2.326761 274.510712
206 82.783585 64.565468 0.683654 2.528867 182.581512
207 82.987144 63.928810 0.671270 2.531709 178.607040
208 82.083405 62.780174 0.224371 2.450938 370.734589
209 82.397469 63.897453 0.347162 2.943719 229.431229
210 81.081268 62.526470 0.251025 2.832460 330.719025
211 81.774574 61.473022 0.249702 2.240567 447.018250
212 82.264679 63.232826 0.382486 2.900067 174.252289
213 81.638252 64.788948 0.260969 2.426958 402.014709
