%% Trajectory 129
159 55.013756 18.212406 0.658699 1.949162 36.455269
160 54.810673 17.744434 0.741881 2.243162 33.843971
161 54.635292 17.855776 0.435348 2.338388 46.377361
162 55.158504 18.390299 0.457197 2.050992 8.056242
163 54.863033 18.030718 0.724440 2.193046 37.498402
164 54.865166 17.953171 0.704719 1.973467 12.795465
165 54.676193 17.968977 0.918379 2.096344 23.965231
166 54.815838 18.097380 1.361991 2.277658 33.507942
167 55.153679 18.311365 0.884689 2.313797 24.550947
168 54.988750 18.146042 1.175342 2.005015 11.868154
169 54.700840 18.173805 0.893974 2.190256 26.033798
170 54.650139 17.707758 0.980422 2.259595 52.646191
171 54.715023 17.799141 1.059574 2.150972 34.387108
172 54.762920 18.277899 1.144587 2.174603 27.748310
173 55.156040 18.180874 1.092201 2.069581 33.048412
174 54.748043 17.928202 1.234564 2.228867 33.762791
175 54.806801 18.034843 1.392633 2.093395 12.405125
176 54.850765 18.209360 1.302833 2.158389 20.267813
177 54.930820 18.071276 1.585251 2.124483 20.778345
178 54.850544 17.905735 1.116384 1.992151 36.471058
179 54.874943 17.955797 1.520494 2.180472 22.605751
180 54.805283 18.116186 1.123364 2.147231 20.129704
181 54.853493 18.019892 1.359331 2.048547 9.679095
182 54.812218 18.082111 1.611668 2.136410 25.276381
183 54.753342 18.066652 1.091618 2.423478 28.054043
184 54.778347 18.149614 1.316850 2.042236 13.986452
185 54.777363 18.089733 1.211654 2.201259 15.619722
186 54.817158 18.384912 1.583580 2.201360 18.157120
187 54.918564 18.306641 1.363202 2.164739 12.156257
188 54.805862 18.168457 1.202112 2.117703 10.674695
189 54.625397 18.209860 1.445527 2.323505 19.593767
190 55.095749 18.156717 1.553068 2.095338 21.532387
191 54.984959 18.220490 1.851341 2.194616 27.425301
192 54.775940 17.991970 1.405780 2.146270 19.736301
193 55.293278 18.181818 1.156689 2.199727 19.457409
194 54.615513 18.307129 1.094295 2.446121 38.283276
195 54.793495 18.233343 1.611300 2.265494 21.292997
196 54.905121 17.856604 1.454558 2.004586 32.604237
197 54.781673 18.091993 1.270067 2.220906 29.599192
198 54.976501 18.262516 1.642226 2.051250 18.600710
199 54.826775 18.223217 1.550347 2.062594 33.580059
200 54.840885 17.906908 1.370883 2.113145 29.759115
201 54.703606 18.149435 1.403816 2.217296 35.352806
202 55.038689 18.288668 1.444626 2.036956 28.915234
203 54.765003 18.188395 1.475579 2.088890 37.306618
204 54.883614 18.093472 1.547617 2.114166 38.444382
205 54.859306 18.281738 1.588564 2.128842 30.630293
206 55.046532 18.334610 1.192575 2.202739 23.523058
207 55.022755 18.584757 1.306820 2.063810 17.096869
208 55.294247 18.557375 1.437149 2.263984 34.609512
209 55.142235 18.566460 1.425753 2.150446 34.791531
210 54.939487 18.389626 1.347695 2.242522 28.306530
211 55.069977 18.460979 1.179322 2.038146 19.803127
212 55.157429 18.365709 1.402363 2.155691 30.371704
213 55.029991 18.267368 1.498765 2.008141 11.680544
214 55.261894 18.377350 1.310709 2.279503 18.374313
215 54.956238 18.413471 1.816260 2.236511 27.191507
216 54.846207 18.466408 1.426759 2.251851 20.888670
217 54.827427 18.520491 1.570951 2.284435 31.687874
218 55.000580 18.313362 1.309556 1.943116 13.406656
219 54.944252 18.346504 2.081166 2.118884 18.833603
220 54.990883 18.346874 1.717307 2.129818 22.203667
221 54.951729 18.355644 1.832215 2.023641 17.445663
222 54.977386 18.577391 1.430357 2.218765 23.469091
223 54.960815 17.992445 1.642565 2.142432 36.078518
224 54.981468 18.350267 1.708699 2.195662 20.644979
225 54.977932 18.330259 1.740522 2.058492 21.958099
226 54.896683 18.086699 1.458148 1.971889 22.530739
227 54.815777 18.033083 1.700324 2.045892 7.882102
228 54.901878 18.240072 1.736995 2.290185 22.781853
229 54.744419 18.153746 1.755295 2.243102 28.502804
230 55.034546 18.203106 1.736105 2.060300 20.201738
231 54.845791 18.478142 1.630063 2.198412 29.628019
232 54.972912 18.112541 1.638855 2.208377 26.002558
233 54.965748 18.560778 1.621998 2.133564 16.856285
234 55.069431 18.395882 1.785448 2.165570 7.523107
235 54.539036 17.987637 1.328599 2.346462 10.872252
236 54.891758 18.218128 1.850060 2.153971 2.463443
237 54.926292 18.276718 2.024610 2.160198 10.014866
238 54.872906 18.273767 1.781869 2.300679 0.258949
239 54.781590 18.323193 1.713021 2.151690 1.566097
240 54.964676 18.093452 1.606529 2.026003 11.735214
241 55.031590 18.398462 1.667029 2.122443 2.112316
242 54.569855 18.259926 1.853842 2.277107 1.008542
243 54.774479 18.315243 1.850852 2.167886 4.140810
244 54.779121 18.424934 2.126487 2.189965 2.915658
245 54.811592 18.417431 2.136501 2.304562 2.864859
246 54.950806 18.249178 1.793758 2.030154 1.303784
247 54.660706 18.499634 1.974888 2.395301 8.990584
248 54.405449 18.594648 2.153997 2.459860 1.129595
249 54.597431 18.444271 2.176262 2.353993 2.215759
250 54.629494 18.521723 2.388487 2.422706 3.865796
251 54.492157 18.717226 2.451998 2.377264 0.505655
252 54.205414 18.706467 2.403183 2.470515 0.336785
253 54.347271 18.749876 2.357135 2.350130 0.026589
254 54.321651 18.670599 2.103551 2.572213 0.778772
255 54.370201 18.849356 2.926168 2.496258 0.053584
256 54.268730 18.759972 2.948900 2.572955 0.037231
257 54.282841 18.698689 3.137157 2.434779 0.015325
258 54.203194 18.785189 3.100988 2.312186 0.006912
259 54.348484 18.776697 3.209291 2.405754 0.077167
260 54.247303 18.728075 3.077561 2.373008 0.001667
261 54.249664 18.699810 3.169098 2.425547 0.005539
262 54.397507 18.460417 3.431788 2.599579 1.094295
263 54.308811 18.761751 3.417393 2.391163 2.221012
264 54.542866 18.752396 3.024501 2.506188 0.000002
265 54.416328 18.625765 2.678597 2.350963 0.105098
266 54.069439 18.930565 3.087446 2.351866 6.618305
267 54.198929 19.026716 2.499208 2.288831 14.832979
268 54.379551 18.763092 2.556711 2.493187 6.844320
269 54.341518 18.839149 2.798510 2.327457 2.565700
270 54.424282 18.722881 2.373118 2.275172 12.976149
271 54.671375 18.780083 2.000448 2.249738 13.117182
272 54.548267 18.583801 1.993192 2.443283 17.966053
273 54.557449 18.494843 2.278419 2.533630 0.006339
274 54.484119 18.588697 2.323878 2.441540 0.021395
275 54.445351 18.601694 2.507112 2.292208 0.000594
276 54.504314 18.515963 2.117756 2.356771 0.187531
277 54.473019 18.540129 2.245610 2.347388 0.007100
278 54.602715 18.647606 2.379418 2.277852 0.020587
279 54.704617 18.686539 2.364803 2.112958 0.001490
280 54.225887 18.791374 1.636678 2.219839 2.746672
281 53.262119 19.343275 1.024406 2.351369 14.471357
282 53.542587 18.795330 0.679910 2.055626 54.393974
283 53.249016 18.692535 0.401001 2.270381 135.135254
