%% Trajectory 2367
203 54.495464 20.193708 0.305124 2.338832 657.837830
204 54.247528 20.145826 0.268855 2.745033 644.231201
205 53.539291 18.996752 0.370430 3.122619 346.904877
206 54.474308 17.847307 0.470853 2.782994 480.809784
207 54.073448 17.635805 0.756329 2.418032 201.179825
208 54.997810 18.464201 0.329139 2.713157 586.861389
209 53.188660 19.183130 0.392582 2.955365 392.763519
210 53.916744 18.515501 0.767903 3.076666 83.075737
211 54.021378 18.877756 0.393624 2.198771 681.986572
212 54.788673 18.210453 0.374845 2.877431 489.142578
213 54.363190 17.964266 0.551934 2.291969 343.973297
214 54.639576 18.530815 0.521581 2.659610 471.942657
215 53.978279 17.427017 0.708917 2.873800 198.966034
216 54.585251 18.177322 0.433424 2.557821 435.096130
217 54.575607 18.077356 0.806410 2.560179 177.384827
218 55.035660 17.906586 0.729188 2.385131 231.212769
219 54.417858 17.971317 0.508564 2.308912 430.109894
220 54.171925 18.165157 0.846543 2.006554 128.878998
221 54.431355 18.726566 0.857152 2.343653 152.043610
222 54.362137 17.831491 0.449911 2.274179 453.584839
223 54.518764 18.311399 0.611961 2.375307 430.068146
224 54.178001 18.192181 0.837090 2.324541 194.716797
225 54.064686 17.781849 0.741571 2.653349 250.233414
226 54.581127 17.809940 0.806985 2.492589 187.787323
227 54.435345 18.092638 1.183334 2.366433 51.027355
228 53.887180 18.435099 1.126848 2.439668 59.694721
229 54.153950 18.225752 1.075070 2.539471 74.595238
230 54.224781 18.334131 0.949252 2.546649 99.490273
231 54.601318 18.152767 0.929987 2.527107 114.192253
232 54.931602 18.295210 1.399088 2.194205 16.568674
233 54.270432 18.487764 1.133984 2.777180 44.443546
234 53.891132 17.753353 0.757239 2.527170 232.295593
235 53.927845 18.218538 0.520491 2.642049 405.507233
236 54.662590 18.674580 0.761063 2.592720 243.432266
237 54.674458 18.354137 1.161264 2.351912 56.820042
238 54.351250 18.397114 1.043169 2.587517 94.914955
239 54.801426 18.662111 1.232563 2.321210 63.014847
240 54.106171 19.033152 0.961341 2.480510 129.051590
241 54.919186 18.309587 1.081419 2.218783 73.878235
242 54.393570 18.186794 1.112631 2.183709 62.812180
243 54.536133 18.601765 1.561823 2.523281 21.590689
244 54.219822 17.934980 1.152117 2.322222 62.338234
245 54.172253 18.559986 1.306015 2.449510 55.768394
246 54.652054 18.609482 1.796014 2.374269 20.393833
247 54.836349 18.226721 1.463046 2.538063 25.560390
248 54.354347 18.382317 1.564106 2.494473 26.532476
249 54.485703 18.761189 1.778568 2.559650 15.323670
250 54.169788 18.436760 1.393547 2.461814 22.097172
251 54.989140 18.764517 1.618299 2.497597 26.837551
252 54.582577 18.754578 1.506991 2.375690 37.193501
253 54.709927 18.623772 1.880452 2.520532 10.861163
254 54.931068 18.403496 2.169504 2.595457 1.352827
255 54.810425 18.689548 1.782134 2.187832 17.275602
256 54.185719 18.842152 2.215923 2.325753 0.667464
257 54.741074 18.482925 2.262816 2.453146 1.622506
258 54.856350 19.123268 1.935390 2.502824 11.400967
259 54.675610 18.736280 1.988948 2.496175 8.322078
260 54.635162 18.881245 2.187243 2.317490 3.494449
261 54.542336 18.818916 2.068581 2.347229 3.179535
262 54.442982 18.783587 2.212813 2.505194 0.660203
263 54.485214 18.804026 2.272597 2.443386 1.850334
264 54.646240 18.557165 1.864428 2.280225 12.704178
265 55.096466 18.890358 2.020439 2.149662 0.830624
266 54.647564 18.817736 1.996314 2.433814 0.933839
267 54.656479 19.108789 1.563008 2.183819 32.546741
268 54.744789 19.304264 2.022016 2.529010 1.380079
269 54.743542 18.898712 2.106698 2.610229 0.088234
270 54.623936 18.891775 1.474781 2.576735 14.228735
271 54.883221 19.118509 1.188136 2.215278 50.043884
272 54.551517 19.193295 1.364623 2.286427 23.643818
273 54.593445 18.897903 1.526150 2.366026 12.670825
274 54.223125 18.993172 1.523793 2.412451 21.636795
275 54.213722 18.739460 1.471466 2.567803 5.898919
276 54.472721 19.298126 1.402840 2.704352 21.567635
277 54.369835 18.996197 1.261190 2.563567 49.764503
278 54.363491 19.757248 0.981366 2.508877 110.254601
279 54.593319 19.532711 1.172371 2.615051 40.623390
280 54.822803 19.277927 1.294240 2.366729 17.200172
281 54.236324 19.111879 1.057978 2.596854 65.030952
282 53.440113 19.048450 1.165255 2.319507 32.011753
283 53.846600 19.094223 0.972162 2.810060 96.489090
284 53.867859 19.501831 0.791044 2.810841 187.518951
285 53.791752 19.092590 1.044505 2.070794 48.829346
286 53.674637 18.862312 0.677069 2.404534 269.634888
287 54.126583 19.168858 0.832049 2.304093 146.149734
288 54.281490 19.179972 0.744725 2.380052 265.452271
289 53.697056 19.149225 0.609691 2.030090 348.142151
290 54.719139 19.359121 0.539078 2.471150 564.467651
291 54.425949 18.490673 0.535141 2.893152 342.469574
292 54.051849 18.022785 0.535096 2.949415 375.173340
296 53.108997 20.606802 0.354378 2.134054 630.102417
297 52.115078 20.605421 0.533748 2.877336 388.571930
298 53.260246 19.980160 0.370742 1.714705 384.493805
299 52.656616 21.916174 0.422408 3.228235 192.455612
