%% Trajectory 47
122 41.465645 20.928782 0.874266 2.528491 8.650786
123 41.066654 20.809885 1.040892 2.299714 18.954119
124 41.944519 21.045029 1.094016 2.567002 19.927893
125 41.981663 22.011307 1.057280 3.154526 20.978193
126 41.545647 21.016441 1.221321 2.571211 9.026624
127 41.731689 20.642490 1.437592 2.360391 21.566837
128 41.756008 20.876507 1.510830 2.351798 23.384695
129 41.593880 20.430712 1.787307 2.428622 34.876278
130 41.619537 20.637356 1.996355 2.469545 35.205963
131 41.142662 20.321539 1.772022 2.381856 30.661184
132 41.586712 20.568396 1.876413 2.337024 33.870525
133 41.597572 20.434385 1.913318 2.675891 28.937984
134 41.221951 20.597313 1.898375 2.522411 21.053432
135 41.235069 20.495638 1.800374 2.575079 30.616838
136 41.282337 20.612812 2.113323 2.435058 10.502968
137 41.273994 20.380619 2.059878 2.493633 18.960394
138 41.356430 20.363350 2.032232 2.245463 18.191975
139 41.261681 20.394346 2.100627 2.503520 19.211420
140 41.286411 20.542242 2.245962 2.457048 21.554434
141 41.606773 20.684088 2.431866 2.388699 19.921991
142 41.401722 20.744225 1.937610 2.339317 35.651546
143 41.540302 20.588764 2.398721 2.521241 17.763044
144 41.409534 20.876507 2.446115 2.394418 29.950872
145 41.379448 20.866295 2.171257 2.147731 32.141968
146 41.525520 20.790747 1.981771 2.312453 33.426857
147 41.485744 20.569422 1.968975 2.595291 35.144924
148 41.163170 20.653881 2.031594 2.495587 24.762321
149 40.998486 20.823402 1.910209 2.087620 19.824974
150 41.169384 20.741859 1.909100 2.239598 22.327360
151 41.385246 20.842461 1.783104 2.438213 17.246315
152 41.787109 21.033522 2.000042 2.172629 31.210241
153 41.319916 20.795412 1.937637 2.277108 22.280602
154 41.649944 20.538189 1.886185 2.439777 25.209543
155 41.633728 20.657261 1.841565 2.191711 34.574677
156 41.377735 20.742462 1.913722 2.386349 23.411777
157 41.448929 20.838795 2.131894 2.377045 18.830843
158 41.576969 20.576992 1.910589 2.476055 26.551064
159 41.783173 20.485125 1.794878 2.403331 25.874880
160 41.600842 20.191610 1.612020 2.379010 31.808790
161 41.840466 20.253078 1.627496 2.157669 26.707281
162 41.744598 20.495222 1.785949 2.545020 12.741812
163 41.320206 20.610224 1.825385 2.622965 22.896994
164 41.755936 20.708582 1.676995 2.422985 23.627693
165 41.433456 21.049032 2.019615 2.167500 7.857183
166 41.368111 20.789814 1.999352 2.246010 15.897439
167 41.630379 20.861481 1.545947 2.359280 31.053244
168 41.803181 20.910418 1.283713 2.490990 65.049805
169 41.319279 20.820271 1.651597 2.186547 32.639530
170 41.223949 20.152693 1.266372 2.301512 42.490032
171 41.018234 19.963249 1.210572 2.184171 27.828827
172 41.492741 19.868364 1.028842 2.306429 23.656981
173 41.020046 20.005861 0.913400 2.412363 9.873799
174 41.462021 20.811844 0.715983 2.100846 0.565103
