%% Trajectory 23
36 55.397964 30.167097 1.557735 2.547666 4.105165
37 55.129143 30.194599 1.865982 2.505969 6.817205
38 55.134846 29.581440 1.888998 2.092785 10.163747
39 55.142193 30.064306 2.279059 2.364424 29.887285
40 55.384670 29.709768 2.780462 2.303128 28.374031
41 55.247810 29.554644 2.580837 2.329921 22.903269
42 55.546505 29.802885 3.067590 2.440812 14.759953
43 55.368301 29.880226 3.424713 2.186756 7.959645
44 55.415821 29.850986 3.571013 2.433443 6.251038
45 55.514709 29.779028 3.526408 2.350568 3.795347
46 55.541870 29.823299 3.876755 2.445272 4.252369
47 55.362167 29.892803 3.880866 2.324005 14.685335
48 55.676308 29.852745 3.736237 2.291311 29.962051
49 55.460007 29.911236 3.551943 2.379753 21.958275
50 55.738781 29.873341 3.577302 2.242810 23.767059
51 55.403366 29.883120 3.508417 2.430692 6.668193
52 55.605492 29.935007 3.498461 2.259007 24.568481
53 55.659744 29.686794 3.637739 2.365143 24.423079
54 55.844910 29.858042 3.440691 2.324900 12.344158
55 55.902973 29.712769 3.207512 2.284738 11.899195
56 55.656296 29.849339 3.708872 2.266171 5.019535
57 56.108002 30.103531 3.719428 2.459450 22.721674
58 56.276203 29.618509 4.145493 2.353169 19.570330
59 56.186802 29.540749 4.112166 2.311106 14.516432
60 56.157425 29.406097 4.284123 2.373855 53.769135
61 55.999783 29.532043 3.920781 2.379567 57.385876
62 55.874802 29.610256 4.204667 2.304751 35.284004
63 55.870213 29.643442 4.333827 2.205273 10.324646
64 55.824005 29.751656 3.982355 2.176522 13.347744
65 56.029125 29.653837 3.876856 2.175838 11.367092
66 55.782959 29.599487 3.004009 2.457611 6.940619
67 55.803696 29.574415 2.731524 2.280478 23.319902
68 55.970062 29.511076 2.248207 2.191113 16.313099
69 55.931602 29.561022 2.285365 2.124497 9.302072
70 56.231937 29.681696 2.006494 2.140932 15.438141
71 56.235451 29.347115 1.347433 2.122530 7.519302
72 56.218231 29.586391 1.263728 2.233034 3.848596
73 56.253479 29.877445 1.070968 2.116444 5.741376
