%% Trajectory 55
138 77.118645 24.083725 0.765151 2.161108 7.376009
139 77.023544 23.536108 1.089534 2.543389 28.280003
140 76.774582 23.754826 1.371763 2.390827 18.091028
141 76.320831 23.747419 1.164903 2.805385 13.106708
142 76.895973 24.159765 1.427747 2.409974 28.815634
143 76.911720 23.989964 1.784603 2.643640 33.565475
144 76.480583 23.921293 1.879352 2.565252 18.548059
145 76.921074 23.678652 1.992074 2.548943 36.844624
146 76.870949 24.150644 1.737642 2.921492 5.329212
147 76.977852 23.788671 2.035791 2.363356 17.698103
148 76.817787 23.752554 1.924232 2.497314 19.712864
149 76.756439 23.676378 2.397722 2.549216 38.327389
150 76.937630 23.916481 2.473560 2.370112 33.022766
151 76.609116 24.040312 2.475177 2.555310 26.629509
152 76.750809 23.872263 2.386644 2.582094 42.459908
153 76.716049 23.930855 2.717963 2.657877 11.074154
154 76.779602 24.017963 2.327630 2.538147 39.690968
155 76.633301 23.870640 2.788519 2.532182 15.412587
156 76.556068 23.921200 2.768099 2.558194 7.091078
157 76.613312 23.968477 2.369440 2.617221 34.250824
158 76.439606 23.904900 2.576155 2.699332 14.433403
159 76.230843 23.946199 2.883521 2.666204 17.959572
160 76.425560 24.008226 2.564954 2.773757 17.047901
161 76.507629 23.943344 2.933236 2.673830 17.106432
162 76.149277 23.883335 2.766915 2.417279 15.073565
163 76.754822 23.587719 2.773174 2.664288 17.788576
164 76.232979 23.625498 2.588140 2.708754 8.084212
165 76.319046 24.249269 2.824723 2.694753 22.244757
166 76.257729 24.491932 2.996923 2.734218 19.753422
167 76.234489 24.309837 2.733454 2.515554 12.543590
168 76.372330 25.004049 2.750811 2.596944 0.173492
169 76.325745 24.989048 2.495814 2.719563 0.026126
170 76.688133 25.026346 2.797840 2.642495 0.486272
171 76.822395 25.188114 1.474422 2.492903 28.618683
172 76.446991 25.341200 2.186972 2.782909 1.276122
173 76.628876 25.569811 2.239862 2.734674 3.383801
174 76.378563 25.731607 2.258587 2.519240 2.532115
175 76.217285 25.811260 1.964745 2.478547 11.402618
