%% Trajectory 10
0 63.641766 80.312790 6.490495 2.849532 2.316130
1 63.620136 80.200874 6.759425 2.755612 0.000045
2 63.685490 80.188477 6.869122 2.612699 0.000000
3 63.648006 79.869598 7.575601 2.561676 0.000000
4 63.698132 79.708504 7.038468 2.600358 0.000000
5 63.600616 79.706238 7.328992 2.578789 0.000000
6 63.638592 79.828987 6.442080 2.644665 0.191647
7 63.631973 79.651810 6.806996 2.733833 0.000000
8 63.601330 79.780556 7.112038 2.675913 0.000026
9 63.642231 79.600739 6.940548 2.666630 0.051865
10 63.663670 79.338196 6.591424 2.559007 0.118095
11 63.638821 79.364182 5.906085 2.680304 4.028833
12 63.503937 79.178429 6.025669 2.622386 3.558279
13 63.493568 79.211571 6.473511 2.664899 0.026554
14 63.351585 79.092484 6.194437 2.596832 8.391241
15 63.605911 79.107658 6.050492 2.603435 4.605001
16 63.646118 79.072563 5.627572 2.461043 10.118210
17 63.516743 79.120079 5.334915 2.516040 0.463274
18 63.614349 79.026299 5.042053 2.603902 0.204423
19 63.432240 78.863289 4.641806 2.629967 1.409031
20 63.472122 79.106468 4.263327 2.560038 10.358469
21 63.470905 78.780540 4.660145 2.629260 0.887055
22 63.500366 78.831688 4.708731 2.573468 0.385412
23 63.882656 78.818871 4.262612 2.321199 0.982089
24 63.859501 78.705139 3.730009 2.378567 6.833515
25 63.710938 78.750908 4.184073 2.334441 0.489469
26 63.698761 78.784538 3.078686 2.424243 19.291229
27 64.039917 78.879990 3.219112 2.365309 22.771223
28 64.082458 78.463516 2.735878 2.486307 33.554058
29 63.982243 78.153412 2.557474 2.305285 16.222578
30 63.828819 78.100311 3.116285 2.299114 26.665331
31 63.964417 78.405594 1.992340 2.326485 0.030180
32 63.768818 78.039787 1.991828 2.411054 8.177634
33 63.767296 78.217781 1.830464 2.283484 8.620938
