%% Trajectory 100
248 60.609539 28.920979 0.610465 2.512759 14.059503
249 61.011986 29.274761 0.886165 2.286631 33.462994
250 60.609890 28.632334 0.680034 2.177822 4.483539
251 60.356468 28.938307 0.844669 1.984737 8.921512
252 60.807877 28.701817 0.907101 2.149356 13.566553
253 60.612076 28.778183 0.903313 2.204422 10.493155
254 60.462307 28.356318 0.932378 2.379045 12.835119
255 60.811707 29.020802 1.126231 2.254706 5.165268
256 60.704472 28.253996 1.249510 2.128226 4.376086
257 60.438210 28.419497 1.161504 2.437404 24.981363
258 60.570656 28.485418 1.165807 2.447557 29.937244
259 60.574749 28.896544 1.083958 2.571088 20.433186
260 60.201328 28.524378 1.547518 2.415352 18.829288
261 60.783184 28.598421 1.421027 2.295983 22.369495
262 60.617565 28.751297 1.539832 2.280494 19.188511
263 60.448093 28.714241 1.630007 2.574356 15.002900
264 60.420605 28.979090 1.626299 2.146108 6.402133
265 60.580906 28.548508 1.440508 2.391064 4.608835
266 60.425999 28.808670 1.533401 2.289302 11.536555
267 60.391293 28.899021 1.336559 2.292243 10.298469
268 60.604649 28.837530 1.284318 2.256395 6.097998
269 60.472286 28.710573 1.239324 2.361322 13.598902
270 60.607811 28.879303 1.998844 2.252487 3.783301
271 60.635979 28.694839 1.934638 2.319167 19.393536
272 60.432674 28.471832 1.414143 2.566355 38.930290
273 60.297157 28.699276 1.906217 2.270974 16.521969
274 60.102043 28.710138 1.703053 2.284327 10.927490
275 60.386131 28.812721 1.737484 2.149569 2.823195
276 60.077183 28.947113 1.719068 2.060539 0.840887
277 60.066467 28.547728 1.742207 2.276236 15.951575
278 59.913517 28.811567 1.773780 2.137503 14.168156
279 59.890553 28.969538 1.687695 2.192976 13.606236
280 59.916283 29.084919 1.513312 2.270712 10.119816
281 59.916256 29.212576 1.466487 2.115402 25.118263
282 59.844234 29.281052 1.412780 2.154047 9.314064
283 60.047276 29.120613 1.234518 2.093461 12.606384
284 59.734554 29.434088 1.259661 2.366085 14.512824
285 59.825600 29.080904 1.165478 2.134281 19.975990
286 59.669930 29.751402 0.919934 1.985716 14.851083
287 59.723728 29.422573 0.744675 2.243797 58.487610
288 59.562702 29.704460 0.646516 2.059765 61.585270
289 59.274761 29.942970 0.723380 2.135296 52.112087
290 59.570770 29.389496 0.921647 2.390875 42.284214
291 59.340054 29.400475 0.782176 2.023547 44.281681
292 60.114681 29.461287 0.636823 2.320408 56.160549
293 59.751747 29.479034 0.760097 2.135449 36.673229
