%% Trajectory 57
141 40.566509 13.922945 1.208722 2.184993 5.379457
142 40.498737 13.716149 1.116576 2.628180 0.557262
143 40.523365 13.722689 1.204051 2.365808 25.614105
144 40.347149 13.662342 1.341359 2.282651 21.560930
145 40.553192 13.633578 1.583525 2.376416 18.539623
146 40.788929 13.399220 2.086463 2.365809 16.129595
147 40.841278 13.660033 1.767882 2.215823 20.561651
148 40.897812 13.297772 1.895889 2.138540 12.779930
149 40.816902 13.573295 2.103046 2.326842 5.993994
150 40.756680 13.493939 2.424849 2.432016 22.865934
151 40.760189 13.422706 2.283794 2.359328 7.882925
152 41.004658 13.557944 2.385794 2.290998 2.254692
153 40.989052 13.522098 2.198631 2.292338 13.730437
154 40.955456 13.327634 2.617913 2.349169 7.040079
155 40.906364 13.511812 2.552170 2.296144 19.924507
156 40.972420 13.403093 2.375555 2.297625 11.356918
157 41.034180 13.435439 2.333285 2.374692 15.046694
158 41.074284 13.633491 2.287357 2.228563 14.261332
159 41.152267 13.714499 2.599500 2.257559 12.418330
160 40.869568 13.657986 2.265169 2.498629 7.825096
161 40.988052 13.423663 2.181338 2.403522 14.233840
162 41.006699 13.550696 2.063768 2.387764 16.655436
163 41.049873 13.663388 2.121780 2.397350 10.165965
164 40.899971 13.523753 2.346842 2.464426 11.252571
165 41.099751 13.670847 2.123660 2.405852 19.237875
166 41.318665 13.742251 1.893685 2.375763 20.694777
167 41.200756 13.697310 2.041325 2.373367 23.002562
168 40.995033 13.655728 2.617652 2.287190 16.617943
169 40.745480 13.684318 2.257682 2.339156 24.761793
170 40.956421 13.544974 1.969196 2.328438 29.138752
171 41.080399 13.849274 2.399217 2.234512 22.336123
172 41.291908 13.921672 1.613676 2.158075 9.832474
173 41.349915 13.978882 1.823720 2.290437 32.073227
174 41.396667 14.205564 2.023430 2.380026 29.287439
175 41.338921 13.761899 1.999278 2.293871 25.750166
176 41.601208 14.116858 1.557624 2.259873 45.927998
177 41.327950 14.098968 1.764813 2.371674 31.997448
178 41.296604 13.857241 1.422234 2.715402 31.125671
179 41.378075 14.329535 1.038735 2.907485 33.248669
180 40.999454 13.849279 1.112964 2.561439 59.700974
181 41.527027 13.935810 0.759086 2.242119 41.392529
182 41.109741 14.067033 0.858049 2.503398 35.661430
183 40.936687 14.287351 1.031751 2.749859 33.703812
184 40.846672 14.166286 0.789525 2.433602 34.797562
185 40.154587 14.303690 0.904231 2.768484 19.791630
186 40.265656 14.081949 0.709532 2.686203 21.562798
187 40.324295 14.693466 0.653057 2.664102 35.421661
