%% Trajectory 98
244 35.765171 54.502274 0.418911 1.790389 2.095088
245 35.661430 54.262329 0.533106 2.040079 9.784283
246 35.119610 55.327675 0.837355 2.226922 28.775887
247 35.670563 55.043289 0.874477 2.088509 10.293542
248 35.937195 55.315113 1.002328 2.272039 29.886929
249 35.790031 55.050472 1.629449 2.037334 8.298309
250 36.035954 55.403042 1.647385 2.269826 22.050934
251 35.849491 55.163887 1.841290 2.040478 19.147066
252 35.927475 55.246403 2.240069 2.171532 14.173496
253 36.277935 55.423733 2.122410 2.192315 29.558455
254 35.956299 55.161034 2.276300 2.323783 26.980032
255 35.997780 55.117760 2.917171 2.188191 3.692776
256 35.834961 55.353142 3.031622 2.225837 3.109742
257 35.996227 55.379135 2.885797 2.280257 7.245340
258 35.742210 55.624607 2.683608 2.356838 7.490503
259 36.044460 55.330090 2.948959 2.138390 3.606694
260 36.038227 55.431210 2.359032 2.272723 6.823244
261 35.682758 55.649731 2.472094 2.342742 11.818059
262 36.037445 55.704983 2.927922 2.316051 12.674505
263 36.147232 55.645473 2.422021 2.612115 27.302677
264 35.875786 55.846874 2.866610 2.387842 2.554199
265 36.053101 55.492134 2.929185 2.342105 15.207871
266 35.908321 55.658535 2.711611 2.391029 12.719832
267 35.707909 55.689030 2.474537 2.537045 16.542799
268 35.715336 55.741039 2.819832 2.400459 20.486975
269 35.891762 55.969559 3.010633 2.262164 15.216114
270 36.036915 55.588104 3.024140 2.162815 4.019493
271 35.904598 55.553413 3.003431 2.295067 4.596892
272 35.712532 55.960918 3.064421 2.324878 5.310424
273 36.006519 55.951004 3.126428 2.342807 10.634749
274 35.966686 55.937256 3.287202 2.239434 3.414305
275 35.901798 55.962593 3.748205 2.326938 0.232789
276 35.932194 56.070889 3.711723 2.287370 0.021493
277 35.932144 55.928215 4.389359 2.360614 0.017138
278 36.265331 56.023697 4.363624 2.500870 0.019053
279 36.465839 55.887295 4.247086 2.654431 0.050103
280 36.593937 55.834267 3.349826 2.777597 4.742043
281 36.918335 55.666939 3.421505 2.732016 8.537362
282 36.981194 55.371262 3.034725 2.547506 5.789482
283 37.170876 55.313435 3.208819 2.616280 0.520134
284 37.225716 55.336369 3.143228 2.876367 4.074455
285 36.979095 55.452869 2.816229 2.442394 0.005680
286 37.081635 55.589470 2.777457 2.547794 0.112813
287 36.972885 56.019489 2.496418 2.560916 0.026259
288 37.231174 55.304150 2.548162 2.688612 0.242339
289 37.172817 55.560028 2.542246 2.586458 0.062027
290 37.467735 55.657677 2.161771 2.750829 0.108419
291 37.357616 55.844948 1.756759 2.704759 2.395087
292 37.140503 55.847969 1.928818 2.613655 0.613457
293 37.056004 56.060848 1.960507 3.098659 0.698256
294 37.678905 55.032429 2.019880 2.892184 1.584703
295 37.738487 55.044716 1.684579 3.103544 0.862628
296 38.241535 54.477394 1.641874 3.021841 2.661175
297 38.090565 54.374039 1.658493 2.759929 19.954218
298 38.365429 54.068333 2.104402 2.512199 6.530737
299 38.879200 54.307167 2.197981 2.658472 6.477945
