%% Trajectory 63
189 29.908989 92.595016 0.415386 2.631520 17.386652
190 29.355328 92.492882 0.417069 2.270160 15.426211
191 29.118633 92.068703 0.427631 2.465622 9.803099
192 29.597864 91.557373 0.476325 2.222132 4.609879
193 29.319675 92.392067 0.605346 2.188106 20.544407
194 29.747751 91.902336 0.428533 2.384227 30.219818
195 29.451811 92.258812 0.609938 2.285785 24.175186
196 29.451330 92.109184 0.456758 2.484595 22.932020
197 29.396708 91.902992 0.763531 2.492742 39.150711
198 29.494024 92.036438 0.666651 2.333072 21.792763
199 29.571436 92.188881 0.742874 2.383119 49.896152
200 29.236732 92.381363 0.672278 2.334198 35.261902
201 29.590631 92.417740 0.497355 2.363969 22.041685
202 29.676262 92.054077 0.603897 2.103002 22.578390
203 29.152906 92.188309 0.611697 2.206893 22.091639
204 29.412785 92.404610 0.772809 2.159851 30.886963
205 29.420719 91.812523 0.622164 2.332948 45.325886
206 29.261572 92.079399 0.766441 2.119348 15.588442
207 29.616747 92.035934 0.578607 2.430395 20.361141
208 29.346029 91.956833 0.780516 2.248191 19.109240
209 29.277905 92.137794 0.689791 2.223843 23.502150
210 29.388605 91.791138 0.650682 2.433659 28.314415
211 29.677511 91.834801 0.665299 2.242338 19.845299
212 29.572035 92.238625 0.850336 2.226387 29.433521
213 29.689795 92.095703 0.641880 2.226510 25.007629
214 29.598276 91.987793 0.611088 2.194692 25.475203
215 29.769972 91.627113 0.767888 2.190260 27.634136
216 29.376482 91.833397 0.656131 2.187332 22.173719
217 29.567051 91.815308 0.741834 2.352929 35.090332
218 29.644661 91.980995 0.714075 2.150647 28.016699
219 29.874233 92.102448 0.482401 1.994920 15.590117
220 29.398214 91.986092 0.514890 2.296417 21.711773
221 29.830597 91.794823 0.465946 2.145431 6.250633
222 29.513548 91.962944 0.545160 2.752280 8.716677
223 29.494041 91.662521 0.588458 2.306883 10.913687
224 30.004095 91.625603 0.658477 2.134423 24.818913
225 29.904537 91.507812 0.455739 2.192611 18.423672
226 29.738810 91.724632 0.340519 2.287519 39.348606
227 30.313896 91.680359 0.540628 2.194136 31.936062
