%% Trajectory 12
6 37.727558 53.525532 0.834117 2.145231 0.706945
7 37.824337 53.251686 0.941100 1.881358 0.364385
8 38.030598 53.161022 1.110523 1.984251 14.650906
9 37.941139 53.233688 0.903229 2.242106 4.680796
10 37.885452 53.019451 1.536192 2.041788 4.560889
11 37.913448 53.334507 1.579762 2.177325 9.461998
12 37.959518 53.326393 1.442780 1.855941 0.675821
13 38.128506 53.512291 1.846246 2.000338 1.365026
14 38.149326 53.276978 2.001850 2.196532 2.920191
15 38.155262 53.281143 2.268603 2.063814 0.408223
16 38.463680 53.247841 2.409262 2.535171 3.436386
17 38.486244 53.705208 2.773627 2.485478 9.909287
18 38.469463 53.545471 2.429928 2.514127 12.419045
19 38.479153 53.777290 3.023270 2.423225 16.507341
20 38.513779 53.344852 2.549519 2.433560 14.113992
21 38.337830 53.212406 2.521137 2.389616 16.746048
22 38.551754 53.347141 3.322163 2.319706 12.205528
23 38.512863 53.577377 3.310625 2.390742 5.591960
24 38.574924 53.591057 3.656308 2.361194 22.619745
25 38.690464 53.609814 3.353136 2.290399 20.113457
26 38.471844 53.651535 3.705036 2.277686 13.988053
27 38.752403 53.679165 3.917539 2.160196 3.957458
28 38.835308 53.720703 3.504872 2.197307 10.225666
29 38.844757 54.026051 3.812156 2.189390 0.779464
30 38.801762 53.894966 3.307524 2.140124 12.159301
31 39.031990 53.925907 3.905683 2.166870 0.360316
32 39.085388 53.600906 3.797213 2.321728 1.448460
33 39.251095 53.521992 3.725204 2.360314 12.348119
34 39.149704 53.730835 3.415140 2.179398 0.549771
35 38.928829 53.383453 3.659897 2.295155 0.000256
36 38.931828 53.753132 3.937624 2.171441 0.004190
37 38.883732 54.268661 3.061457 2.086354 4.822031
38 38.955891 54.119297 3.004438 2.140191 11.705573
39 39.296925 53.934162 2.467863 2.197065 13.053493
40 39.280281 53.950516 2.373913 2.206808 10.746406
41 38.856140 54.026142 2.172901 2.101117 11.843219
42 38.769409 54.075512 3.212948 2.111519 0.006971
43 38.173107 54.138248 2.056720 2.161134 13.688514
44 38.862923 53.517960 2.248038 2.262571 0.731108
45 40.077183 53.232883 1.812959 2.124840 8.470428
46 41.546658 53.356781 1.965590 2.456836 0.289810
47 41.174221 54.181465 1.134587 2.576947 62.522186
48 40.863113 53.554760 0.886482 2.752862 32.030743
49 40.207275 54.625862 0.923670 2.584958 44.696743
