%% Trajectory 54
167 46.546543 61.925205 0.629510 2.479166 0.124250
168 45.942158 62.331070 0.795677 2.166637 0.200503
169 45.885098 61.862652 0.956058 2.453084 4.164863
170 46.070709 62.467972 1.090648 2.234140 14.398023
171 45.989422 62.070969 1.088007 2.368879 7.317935
172 45.952553 62.267868 1.309682 2.174343 10.200168
173 46.060265 62.033405 1.561434 2.279996 15.546279
174 45.802238 62.317631 1.443663 2.234309 15.889649
175 45.752388 61.950790 1.378680 2.323280 11.085909
176 45.555737 62.130840 1.918093 2.473330 4.714504
177 45.730621 62.435268 1.706166 2.462196 24.651873
178 45.580582 62.297050 1.880194 2.328620 18.039989
179 45.408302 62.517567 2.120566 2.482788 4.954210
180 45.729382 62.496841 2.191186 2.539210 5.004339
181 45.611919 62.419529 2.455214 2.373565 6.229322
182 45.613117 62.389053 2.523505 2.635623 6.182497
183 45.348232 62.276455 2.662014 2.360779 2.861046
184 45.211227 62.801079 2.518500 2.338009 9.922351
185 45.154198 62.659698 2.806610 2.371742 4.788893
186 45.062592 62.916058 2.653631 2.315889 4.682303
187 45.294128 63.107327 2.932155 2.224237 0.401199
188 45.117268 62.960693 2.939093 2.302190 4.063849
189 45.312119 62.743393 2.745081 2.367500 0.962290
190 45.430439 62.860298 2.332232 2.445271 14.176861
191 45.424450 62.649445 2.388368 2.411795 22.162342
192 45.563385 62.677341 2.150807 2.354608 17.404470
193 45.730080 62.603592 2.228604 2.520263 17.916164
194 45.750004 62.678741 2.105995 2.409313 20.386629
195 45.837772 62.554863 1.770856 2.542957 17.433498
196 45.612873 62.632755 1.604060 2.399937 29.004486
197 45.086010 63.010426 1.496879 2.245040 14.742794
198 45.020279 62.823498 1.604940 2.244828 28.754637
199 45.264442 62.910736 1.513731 2.427580 34.353260
200 44.997955 62.745125 1.366525 2.221684 18.108236
201 44.955742 62.833031 1.149940 2.210573 32.000065
202 44.790154 63.056591 0.977940 2.532802 22.568548
203 43.985939 63.133293 0.798227 2.741725 9.918619
204 44.449512 63.070339 0.782441 2.227898 24.235006
205 45.097549 62.934643 0.667111 2.049221 12.255126
206 44.904221 61.951397 0.734371 2.163098 23.291920
207 45.921745 61.465549 0.562514 2.650860 9.035907
