%% Trajectory 31
77 28.032665 38.066673 0.715212 2.645559 6.595769
78 28.038528 37.488705 0.840642 2.427111 17.109509
79 28.207451 37.655094 0.954335 2.153196 5.025449
80 27.827295 37.608032 1.187132 2.384480 35.795856
81 28.079803 37.434429 1.268560 2.105772 18.579636
82 28.214342 37.557846 1.373699 2.292214 10.004991
83 28.161251 37.660351 1.771685 2.620036 3.298844
84 28.226408 37.756409 1.726319 2.216328 3.389028
85 28.024040 37.934013 1.841967 2.165235 1.356268
86 28.347101 38.012402 1.998541 2.288624 1.664379
87 28.272564 37.946018 1.898059 2.171918 1.509950
88 28.197100 37.967575 2.685322 2.248216 6.662439
89 28.175869 37.885605 2.389771 2.267715 2.443896
90 28.241150 37.931076 2.298082 2.259332 5.892449
91 28.144459 38.100170 2.203905 2.411936 10.968029
92 28.286648 38.195061 2.289256 2.386109 16.970772
93 28.469532 38.132114 2.009206 2.421991 16.433887
94 28.216530 37.755737 2.195701 2.260178 4.568471
95 28.353584 38.046074 2.353733 2.310207 9.484868
96 28.253387 37.997219 2.249691 2.427793 8.145952
97 28.677616 38.214291 2.752809 2.386125 12.186983
98 29.169733 37.995926 2.832094 2.290904 7.378594
99 28.976892 37.971100 3.111379 2.187632 0.126879
100 29.064344 37.991070 3.113385 2.324200 0.011752
101 29.033815 38.182320 2.503096 2.183271 0.603854
102 28.933184 38.187374 2.556462 2.290087 0.522451
103 28.816860 38.091217 2.621329 2.289508 0.138281
104 28.548124 38.319927 2.422932 2.498662 5.326324
105 28.941803 38.117985 2.804992 2.113323 0.036051
106 28.954926 38.476387 2.374995 2.392247 0.727391
107 28.978298 38.386303 2.735870 2.349268 0.019316
108 28.947233 38.208702 2.184753 2.355445 8.780513
109 28.952444 38.460636 2.146137 2.303299 14.143134
110 29.496946 38.308842 1.460330 2.635281 14.520281
111 29.603125 38.036842 1.586490 2.423382 26.262560
112 29.459621 38.304218 1.414305 2.410506 37.671616
113 29.286644 37.917286 1.349813 2.255822 28.971891
114 29.319691 38.179520 1.426237 2.376881 19.185511
115 29.319372 38.800686 1.310011 2.305444 18.378519
116 28.631584 39.440968 1.131927 2.453082 38.757847
117 28.834108 39.137802 0.738704 2.464182 24.511314
118 29.757950 40.114338 0.442106 2.094890 27.760038
