%% Trajectory 19
38 47.290257 58.718235 1.412807 3.005143 12.955826
39 47.407505 58.788925 1.406245 2.660326 16.367300
40 47.145142 58.754253 1.589335 2.869977 17.063406
41 47.428474 58.814835 1.774738 2.519502 14.635552
42 47.368114 58.881123 1.599170 2.851361 7.505944
43 47.169235 58.986286 1.688152 2.614258 71.263832
44 47.260128 58.470703 1.218391 2.709535 28.166739
45 47.329594 58.569450 1.780017 2.664881 15.169621
46 47.201630 58.260864 1.846686 2.619895 21.759447
47 47.321342 58.677792 1.936923 2.793553 19.167593
48 47.488659 59.126858 2.101477 2.851963 6.770174
49 47.542492 58.546303 2.108819 2.597053 20.817015
50 47.381992 58.796505 1.984797 2.894430 22.381273
51 47.611034 58.719002 2.261307 2.871272 21.961338
52 47.283150 58.238361 2.170170 2.769542 11.294765
53 47.565205 58.196198 2.720677 2.721786 3.131147
54 47.345222 58.890850 2.553479 2.644217 4.380130
55 47.671318 58.809898 2.661409 2.557711 10.459753
56 47.541553 58.600574 2.533963 2.488157 7.508496
57 47.712345 58.837219 2.354682 2.390804 17.789276
58 47.827984 58.639618 2.358605 2.591564 14.563811
59 47.757034 57.900536 2.298700 2.659254 17.596926
60 47.891678 58.789455 2.249178 2.575089 16.134356
61 47.473408 58.670067 2.417513 2.721748 17.512758
62 46.972893 59.001099 1.695995 2.759134 12.010705
63 46.871933 59.062080 2.160687 2.652974 34.246441
64 46.772400 59.237972 1.704337 2.469814 17.355364
65 46.805313 59.572456 1.102550 2.227320 7.256585
66 47.000347 58.758812 1.611432 3.046581 11.214314
67 47.554184 59.470718 1.003915 2.408898 3.399040
68 46.788986 58.066063 1.410526 3.159603 3.557333
