%% Trajectory 60
185 79.050766 23.961714 0.588004 2.434196 14.742328
186 79.060806 23.315666 0.608131 2.270177 26.043964
187 78.869965 23.896404 0.802876 2.327311 14.032616
188 79.200386 23.696554 1.094105 2.255228 38.429592
189 79.101974 23.671213 1.162448 2.537258 37.273422
190 78.473007 23.739538 1.161025 2.636297 44.957855
191 79.072739 23.275387 1.227810 2.377737 15.990189
192 79.006111 23.390013 1.070772 2.348562 48.900414
193 78.989540 23.724615 1.335280 2.287805 34.183575
194 78.994469 23.392904 1.611137 2.575034 10.959869
195 78.886932 23.746780 1.334170 2.359387 40.427181
196 79.114052 23.857248 1.713655 2.249385 15.957450
197 78.999405 23.668705 1.706569 2.422963 12.764182
198 78.911316 23.608107 1.751352 2.348684 11.508862
199 78.698372 23.831827 1.991473 2.530811 1.975230
200 79.068497 23.780809 1.677433 2.334538 21.817675
201 78.788872 23.734318 2.144001 2.266742 0.572859
202 78.485771 24.041071 1.631281 2.385739 11.381810
203 78.866821 23.818356 1.698912 2.522970 1.444312
204 78.572227 24.110888 1.780441 2.544614 5.649708
205 78.710876 23.947771 1.932874 2.371451 10.642761
206 79.034172 24.269918 2.047249 2.063931 6.868731
207 79.074333 24.159233 2.497533 2.170395 0.055623
208 78.833542 24.070435 2.270312 2.376463 0.108486
209 78.636696 24.162315 1.970056 2.411959 1.663241
210 78.628868 24.079050 1.776076 2.477739 5.308793
211 78.809837 23.927782 1.603465 2.435495 13.830770
212 78.618805 24.007051 1.938350 2.216912 1.486419
213 79.012169 23.837927 2.038260 2.207476 3.840275
214 78.817467 24.199873 1.572962 2.349407 22.038221
215 78.581398 24.501955 1.612236 2.551449 14.549859
216 77.660706 24.492790 1.492220 2.509300 24.060806
217 78.081383 24.243647 1.165810 2.339622 38.515141
218 77.657295 23.978029 1.659639 2.115994 6.528039
219 77.378403 23.675369 0.956817 2.256365 39.795761
220 76.833893 23.846155 0.778846 2.236939 39.790821
221 77.216240 24.845089 0.377965 2.352743 50.130638
222 77.578804 24.241177 0.345129 2.802835 63.017635
