%% Trajectory 30
68 40.509953 41.314732 2.157587 2.447006 30.811567
69 40.219177 41.072071 2.528521 2.461222 16.565334
70 40.309727 41.072777 2.295063 2.289590 39.735294
71 40.617558 41.112999 2.566328 2.213518 19.331709
72 40.425179 41.026230 2.928133 2.331362 10.010900
73 40.243679 41.224884 3.282490 2.382976 0.670162
74 40.482597 41.224014 3.511759 2.389181 1.291440
75 40.498096 41.246902 3.478048 2.413183 2.252543
76 40.472935 41.321217 4.104962 2.521980 9.958525
77 40.465813 41.054291 4.405991 2.421944 0.434787
78 40.665089 41.073200 4.107467 2.254066 0.369721
79 40.527084 40.947884 4.321702 2.391130 0.106918
80 40.606804 40.941074 4.017635 2.273680 0.013166
81 40.545414 41.033741 4.394752 2.405689 0.179385
82 40.770035 41.039471 4.540230 2.206959 0.087437
83 40.707836 41.137733 4.768435 2.284937 0.070505
84 40.922707 41.212982 4.387323 2.255517 0.510105
85 41.109688 41.124496 4.376727 2.198782 1.590031
86 41.374630 41.198723 4.741532 2.367017 5.386998
87 41.480343 41.270977 4.740108 2.336960 12.052863
88 41.788204 41.497242 4.394284 2.381364 9.326100
89 41.685261 41.663895 4.293993 2.404561 0.749417
90 41.588772 41.922810 4.488859 2.291535 0.001358
91 41.662922 41.986618 3.849378 2.257633 0.000012
92 41.862686 42.250870 4.315520 2.261495 0.357740
93 41.536289 42.246971 4.626486 2.389516 1.847311
94 41.360489 42.237873 4.171184 2.371319 0.031516
95 41.522469 42.121895 3.916821 2.450393 0.002437
96 41.353523 42.120182 4.555279 2.470017 0.153921
97 41.300049 41.978626 4.195823 2.294747 0.000002
98 41.299328 42.155670 4.132187 2.439459 0.000002
99 41.194565 42.051842 4.786769 2.312005 0.418919
100 41.155270 42.070972 4.621330 2.348408 0.076121
101 41.351196 42.262016 4.516094 2.495561 0.628785
102 41.619869 42.196510 3.907462 2.568080 0.797579
103 41.586697 42.631527 3.736769 2.630391 0.656478
104 41.504261 42.586399 3.580836 2.883026 1.431749
105 41.198872 42.105598 3.591176 2.559411 3.386713
106 41.135422 42.297337 3.373328 2.781137 2.250898
107 40.943756 42.155655 3.371362 2.709321 2.289669
108 40.965900 42.113468 2.908673 2.816578 4.023668
109 41.193779 41.957813 3.163335 2.769642 7.259614
110 41.138309 42.051273 2.669383 2.383535 13.538156
111 41.177364 41.976040 3.038167 2.632190 19.376404
112 40.974602 41.553295 2.442591 2.712941 4.426411
113 41.051395 41.400795 2.301430 2.583535 16.615959
114 41.124702 41.519123 1.700191 2.613755 6.601710
115 41.344318 41.799965 1.701408 2.639086 5.489743
116 41.361160 41.942451 1.957800 2.470798 21.343065
117 41.246605 41.922691 2.135043 2.388411 37.787949
118 41.406292 42.155964 2.336432 2.544089 24.180830
119 41.648006 42.134575 2.296823 2.648632 18.408318
120 41.374207 41.987988 2.298010 2.568538 13.087271
121 41.423172 41.927513 1.911066 2.566455 28.863005
122 41.483383 41.980652 1.749547 2.456783 27.742868
123 41.179447 42.005562 1.534382 2.541305 16.518658
124 42.049671 42.641747 1.287314 2.636283 43.312439
125 41.757324 42.020794 1.365592 2.394789 25.278509
126 41.246925 42.365341 1.229142 2.572190 48.898033
127 41.997669 41.362125 0.844649 2.930903 44.899647
128 42.256504 42.429047 1.135754 2.532560 69.655792
129 42.372864 42.995476 1.193058 2.632097 56.665146
130 42.182407 43.410770 1.023189 3.131752 3.073576
131 42.330265 42.986725 0.924879 2.686906 62.625484
