%% Trajectory 1
0 43.034813 17.241768 4.787579 2.355864 0.000001
1 43.024151 17.216927 4.571288 2.226625 0.577653
2 42.997036 17.316900 4.949644 2.166560 0.657775
3 42.968044 17.288040 4.461792 2.237347 0.575670
4 43.110966 17.316862 5.265160 2.241463 0.000012
5 43.096447 17.542046 5.328403 2.382070 0.000083
6 43.124962 17.475052 5.553982 2.437882 0.000001
7 43.164162 17.383286 5.680609 2.369727 0.000000
8 43.025429 17.319206 5.273660 2.286799 0.059663
9 43.032856 17.329319 4.771388 2.401363 0.342410
10 43.124779 17.431988 5.575305 2.327677 0.005146
11 42.991573 17.346191 4.762666 2.261167 0.204801
12 43.110844 17.335697 4.851539 2.333067 0.075147
13 43.058697 17.486103 4.587797 2.400072 0.593655
14 43.398758 17.678028 4.654228 2.414052 6.460287
15 43.311855 17.622829 4.485150 2.359219 12.176802
16 43.413418 17.625244 4.597503 2.509404 6.125918
17 43.432152 17.725506 5.048356 2.411754 2.175400
18 43.659561 17.720480 4.483057 2.412442 15.960323
19 43.940483 17.382454 3.933941 2.335373 15.139466
20 44.161125 17.635294 3.595663 2.402342 4.321399
21 43.992683 17.711512 3.611607 2.334818 2.031041
22 43.954762 17.421637 3.734566 2.398848 12.752626
23 43.393463 17.120064 3.894822 2.206898 3.683891
24 43.218163 17.317183 3.404341 2.240509 10.911957
25 43.208755 17.170692 3.203375 2.286625 5.892632
26 42.650833 17.290777 2.824090 2.305969 6.349210
27 43.008686 17.263258 3.133145 2.260792 14.649618
28 43.147854 17.141773 3.045389 2.196841 13.413981
29 42.938751 17.390038 2.766517 2.414829 21.500671
30 43.533493 17.286148 2.332273 2.458207 16.957106
31 43.533089 17.162935 1.858903 2.241895 28.689356
32 43.317646 16.915104 1.910602 2.086123 28.564735
33 43.761757 17.465431 1.402454 2.439076 8.807644
34 43.832066 17.089388 1.250250 2.251937 31.519712
