%% Trajectory 6
1 75.191666 72.552979 1.301314 2.286265 19.006981
2 75.443298 72.374756 1.082214 2.138964 4.665689
3 75.276276 72.243980 1.359991 2.320860 11.108624
4 75.216309 72.272263 1.419490 2.334933 7.800048
5 75.123253 72.158508 1.293623 2.268456 8.740016
6 75.097206 72.265198 1.515338 2.117661 4.507001
7 75.254013 72.301979 1.813999 2.341877 14.131886
8 74.990944 72.283318 1.600853 2.109499 6.498684
9 75.114738 71.762093 1.509297 2.335694 12.832435
10 75.126625 72.211632 1.762048 2.266154 9.810794
11 75.010384 72.258919 1.809511 2.092121 3.454083
12 74.840652 72.058838 1.636276 2.074995 11.415449
13 74.774460 71.985634 1.722192 2.281487 25.821274
14 74.930450 71.908287 1.916829 2.133693 7.505724
15 74.802979 71.906830 1.982462 2.324919 2.769603
16 74.732597 72.008095 2.564198 2.161068 0.185687
17 74.774429 72.382637 2.588783 2.269615 0.017251
18 74.752052 72.086029 3.031393 2.199714 3.985689
19 74.853394 72.183449 2.245980 2.158651 5.655888
20 74.682976 71.995010 2.872036 2.208629 10.889114
21 74.870697 72.060585 2.832878 2.128470 0.698414
22 75.023109 71.903038 3.374298 2.179538 7.773666
23 74.895302 71.641579 3.282083 2.254008 5.904428
24 74.931549 71.455841 3.865679 2.280172 7.821335
25 74.869919 71.172195 3.616628 2.119246 6.010816
26 74.682045 71.114098 3.269364 2.298158 8.850382
27 74.818428 71.317406 3.172937 2.137276 14.636897
28 75.059402 71.793358 2.997431 2.425516 16.303236
29 75.001236 71.720802 3.163127 2.365971 19.627449
30 75.107552 71.544304 3.116296 2.405232 14.690280
31 74.896423 71.400566 3.333036 2.182125 11.169911
32 74.868927 71.363640 2.591847 2.065668 10.840337
33 74.782631 71.068802 3.512999 2.126882 11.791484
34 74.696663 70.602783 2.630490 2.280085 6.976642
35 74.727547 70.907166 3.026719 2.046170 4.173536
36 74.820717 70.882141 2.699733 2.295320 1.997411
37 74.659752 70.800781 3.005030 2.206253 6.671370
38 74.494064 70.378555 2.284244 2.284628 16.042023
39 74.325935 70.788147 2.107800 2.492496 20.033138
40 74.930435 70.100578 1.836084 2.107926 38.131592
41 74.700752 70.587273 2.184507 2.326319 18.909395
42 74.647583 70.080467 1.990930 2.209512 16.016439
43 74.404755 70.367783 1.870566 2.259987 51.076305
44 73.913177 71.346306 1.512655 2.243827 12.722461
45 73.375641 72.576355 1.698517 2.330544 14.893818
46 72.747780 72.326889 1.516822 2.321920 12.114207
