%% Trajectory 20
37 78.550072 55.400986 0.960590 3.133085 56.160946
38 79.187431 56.117088 1.044769 2.275532 45.951794
39 79.235260 55.884266 0.784279 2.834916 30.726828
40 78.787239 56.177773 1.196106 2.581544 42.091278
41 78.526833 55.828609 1.320407 2.795745 5.939166
42 78.820038 55.953163 1.526549 2.537315 15.581418
43 78.834106 56.547794 1.181713 2.935929 12.572619
44 78.485863 55.820129 1.611662 2.610239 5.306004
45 78.881592 56.137680 1.510935 2.549666 0.308333
46 78.648201 56.117825 1.369675 2.709419 0.917271
47 77.863770 54.905277 1.854327 2.994059 0.043106
48 77.378738 53.946682 1.752097 2.780926 0.189557
49 77.018623 53.409588 2.291035 2.591999 2.336082
50 77.314407 53.576504 2.134544 2.644577 1.522644
51 77.175865 53.363880 2.303553 2.182405 21.718204
52 77.265091 53.389610 3.495103 2.259150 3.058869
53 77.188950 53.285797 3.207972 2.142078 6.026538
54 77.186790 53.053440 3.425471 2.082299 22.669027
55 77.248161 53.107887 3.638952 2.161447 5.285935
56 77.137276 53.084579 4.332459 2.126720 4.733647
57 77.152557 53.078312 4.750300 2.097512 2.522951
58 77.203156 52.957691 4.746342 2.148039 0.006978
59 77.160080 52.921581 4.500788 2.046052 0.017836
60 76.796761 52.961727 3.784502 2.249554 0.169448
61 76.512154 52.704475 1.926372 2.575304 12.197640
62 76.556633 52.846432 2.506650 2.340242 20.204826
63 76.556602 52.277161 1.933955 2.269038 9.728707
64 76.626297 52.271488 1.501746 2.261199 4.284665
65 76.798203 52.501987 1.431370 2.473344 18.492838
