%% Trajectory 66
71 44.640190 14.268754 0.963246 2.102801 35.137695
72 44.560276 13.800069 1.158157 2.038941 18.542395
73 45.072475 14.086020 1.709826 2.073419 7.593842
74 44.716164 14.653996 1.851712 2.229105 14.227977
75 45.147663 14.232759 2.131278 2.091805 2.049042
76 44.964283 14.464839 2.709301 2.258177 0.022661
77 45.201599 14.515453 3.155683 2.316156 0.000638
78 44.836456 14.521196 3.396232 2.278027 0.000001
79 44.979244 14.376783 3.824811 2.148959 0.000001
80 44.936924 14.454237 4.475246 2.166469 0.000000
81 45.027153 14.438857 4.292069 2.142979 0.000000
82 44.982002 14.461934 4.390728 2.187726 0.000000
83 44.970936 14.626747 4.427102 2.213799 0.000000
84 45.089531 14.585054 5.270312 2.262039 0.000000
85 44.985012 14.595373 5.302410 2.271858 0.000000
86 45.098736 14.539580 5.775161 2.189441 0.000000
87 45.057873 14.571544 5.605447 2.268539 0.000000
88 45.175163 14.589681 6.172545 2.182637 0.000000
89 45.240299 14.619842 5.540610 2.299625 0.000000
90 45.090004 14.696241 6.540844 2.217684 0.000000
91 45.160858 14.597160 6.499374 2.277629 0.000000
92 45.003193 14.674851 6.247120 2.187482 0.000000
93 44.976212 15.084959 3.486494 2.235033 0.213794
94 45.254539 15.269249 3.610427 2.443429 4.795955
95 44.883724 15.323568 3.226097 2.517290 0.213168
96 44.782322 15.147163 2.288514 2.690830 1.098326
97 44.856762 15.219904 2.882448 2.664867 2.915664
98 45.193031 15.197428 2.521916 2.617633 0.396924
99 45.724735 16.145269 2.689530 2.879765 0.001801
100 45.196365 15.815632 2.239438 2.690663 0.526905
101 44.803001 16.098059 2.624606 2.530815 0.001048
102 44.832565 16.135290 2.064482 2.708465 0.171439
103 46.440670 16.669378 1.184579 2.951746 0.815033
