%% Trajectory 106
135 42.033302 20.523878 0.443440 2.016629 29.887943
136 40.848728 20.403290 0.507858 2.449218 85.110184
137 41.053188 20.419674 0.648122 2.075808 35.909500
138 41.200081 20.734356 0.879528 2.287528 52.080959
139 41.361935 20.387156 0.931364 2.112858 29.746403
140 41.359859 20.366510 1.132012 2.302907 9.007916
141 41.537113 20.668419 1.422201 2.162817 13.571239
142 41.289112 20.634493 1.497188 2.121778 12.036335
143 41.332684 20.541792 1.702875 2.178183 11.837202
144 41.431995 20.659868 2.041972 2.282766 4.946759
145 41.324722 20.664524 2.282153 2.185381 1.252533
146 41.228668 20.857038 2.301253 2.133031 2.073199
147 41.260239 20.749071 2.410485 2.127627 11.604499
148 41.393875 20.824896 2.703889 2.187522 0.281647
149 41.305489 20.896881 3.206493 2.093033 0.001388
150 41.507828 20.699417 2.919308 2.260111 0.241978
151 41.353271 20.747770 2.954883 2.164961 0.137126
152 41.390274 20.945219 3.358163 2.089532 0.000098
153 41.286209 20.794813 3.431629 2.097058 0.000182
154 41.305027 20.875742 3.296026 2.155632 0.000272
155 41.383141 20.850567 3.413121 2.193283 0.001636
156 41.353882 20.966526 3.350911 2.065961 0.009291
157 41.423859 20.935432 3.133543 2.163118 0.019707
158 41.277966 20.748137 3.930928 2.102444 0.000000
159 41.525661 20.724680 3.432434 2.257421 0.001195
160 41.398628 20.671986 3.684858 2.295459 0.003847
161 41.343246 20.622454 3.167695 2.211381 0.238166
162 41.350231 20.280872 2.089473 2.139836 19.019136
