%% Trajectory 128
177 64.956413 71.236458 0.724524 2.064488 39.398445
178 64.495789 71.298004 0.616167 2.361176 27.121010
179 64.695831 71.593300 0.645529 2.547837 32.338177
180 63.839500 71.273666 0.750051 2.086481 10.455800
181 63.935398 71.963417 0.851411 2.146941 4.825097
182 64.458626 71.242149 1.331360 2.288847 9.557582
183 64.833267 71.508904 1.218461 2.181274 27.525202
184 64.709396 71.458191 2.139839 2.256692 14.326693
185 64.634323 71.442238 2.711647 2.365691 2.056748
186 64.576271 71.484581 2.724881 2.424029 1.528341
187 64.727776 71.422592 3.279170 2.266272 0.013343
188 64.710320 71.347893 3.761919 2.180531 0.000004
189 64.687431 71.444740 3.309503 2.302572 0.033234
190 64.843231 71.376068 3.439419 2.218492 0.008487
191 64.767471 71.443764 3.295760 2.200950 0.002098
192 64.808990 71.377403 3.729033 2.183740 0.000000
193 64.693893 71.292358 3.411108 2.211934 0.000000
194 64.757095 71.330292 4.113202 2.164950 0.000000
195 64.822990 71.339676 3.870231 2.147183 0.000000
196 64.730667 71.413063 3.919226 2.265101 0.000000
197 64.749237 71.438690 4.169435 2.248495 0.000000
198 64.814384 71.460503 3.659456 2.296080 0.000000
199 64.617737 71.615730 3.155708 2.312972 0.177708
200 64.811584 71.521919 3.140992 2.251924 0.093095
201 64.684036 71.491371 3.269582 2.277020 3.959906
202 64.869110 71.650070 2.836869 2.117402 11.770304
203 64.720314 71.489990 2.830921 2.331934 15.938915
204 64.855476 71.517899 2.163157 2.286726 23.523254
205 64.376923 71.597389 1.203608 2.402464 5.907759
206 64.844765 70.862511 0.575483 2.366020 0.568852
