%% Trajectory 53
152 42.818394 12.638195 0.744370 2.247445 61.836166
153 42.794739 13.121544 0.929015 2.104539 29.479698
154 42.959343 13.160342 1.148121 2.257377 31.144413
155 42.985626 13.173330 1.046116 2.628755 46.400848
156 43.103279 13.198858 1.215322 2.565000 30.696115
157 42.880280 12.900198 1.104160 2.151130 26.234337
158 42.755672 13.040632 1.372446 2.271620 18.103903
159 42.933205 13.170882 1.271202 2.343005 38.704254
160 42.792484 13.014115 1.311325 2.093580 27.944794
161 43.111729 12.912804 1.215666 2.451416 26.242924
162 42.693436 13.343672 1.615764 2.386570 8.002682
163 42.691082 13.032967 1.559488 2.357239 9.984922
164 42.833542 13.082065 2.032554 2.366733 12.962924
165 42.613586 13.222122 1.511742 2.500107 9.260821
166 42.715565 13.363355 1.231077 2.250777 13.210443
167 43.127625 14.168844 1.039611 2.578720 14.013873
