%% Trajectory 15
43 54.396698 29.932531 1.427647 1.961388 0.067339
44 54.488968 30.011023 1.899781 2.128184 26.448305
45 54.294941 29.797657 1.787708 2.069287 12.009611
46 54.810970 29.897123 1.932469 1.968122 17.396894
47 54.437344 29.919561 2.110653 2.199746 16.164383
48 54.617798 29.982500 2.174519 1.952138 2.174964
49 54.524101 30.089510 2.364721 2.027923 24.528723
50 54.411171 29.926113 2.723128 2.073071 29.809828
51 54.594566 30.053673 3.204813 2.117600 27.271341
52 54.725941 29.771421 3.183237 2.004658 12.802552
53 54.676861 29.919605 3.476912 2.010622 14.595844
54 54.790668 29.828741 3.476942 2.004885 3.563321
55 54.714535 30.020548 4.302879 2.054873 11.475741
56 55.090630 30.114342 3.784400 2.079947 11.749581
57 55.408573 30.353073 3.108278 2.231979 8.973066
58 55.457741 30.094788 2.546825 2.144203 3.450015
59 55.391575 29.996469 2.004130 1.997472 4.604519
60 55.996048 30.077238 1.749191 2.050582 8.485805
61 55.151150 30.423260 1.700384 2.112022 24.892429
62 55.240040 30.321657 1.353661 2.224706 25.147928
63 55.047745 29.952713 1.078219 2.189721 32.070614
64 55.239929 30.115572 1.228741 1.928079 2.761890
65 55.232281 30.369862 1.337955 2.114751 29.893194
66 55.535053 30.109772 0.909360 2.325313 42.115982
67 55.240387 29.869165 0.910196 1.909314 28.585085
68 55.610954 29.994570 0.590655 2.259414 18.928015
