%% Trajectory 8
19 24.733616 84.010506 1.442301 2.390815 10.449900
20 24.676720 84.123070 1.865294 2.298021 15.670118
21 24.856253 83.772881 2.079600 2.129380 7.279444
22 24.800072 83.932571 2.066129 2.251338 13.056715
23 24.790825 83.976875 2.479204 2.278457 0.302757
24 24.849304 83.872292 2.255843 2.109050 0.000000
25 24.975946 84.081726 2.740604 2.355128 1.461220
26 25.066906 83.883263 3.334033 2.267898 3.505202
27 24.985991 83.905624 3.170628 2.387050 0.007352
28 25.320572 83.961945 2.684200 2.335485 1.153289
29 25.274405 84.421196 1.785335 2.229033 27.970737
30 25.299664 84.366287 1.918879 2.151563 14.039433
31 25.173059 84.422516 1.511028 2.130713 11.307188
32 25.512503 83.888298 1.305827 2.441356 21.516068
33 25.285048 84.257370 1.111004 2.104384 16.469908
34 24.974054 84.251122 1.126124 2.161711 5.829481
35 24.766485 84.233452 0.675660 2.283762 23.513105
36 25.259094 84.676605 0.809341 2.525811 29.618956
37 25.756725 84.116608 0.607862 2.018119 2.122830
