%% Trajectory 62
169 73.983604 50.825737 0.774359 2.582298 23.991692
170 74.427780 51.058868 0.945127 2.352684 20.865297
171 74.326706 50.983547 0.965407 2.214716 8.512493
172 74.452072 50.984421 1.212094 2.046149 0.427962
173 74.406021 50.984718 1.811334 2.137455 7.955506
174 74.394279 51.089325 2.127508 2.095200 5.402748
175 74.448151 51.035851 1.930227 2.327794 12.712410
176 74.385666 50.965714 2.468045 2.180756 14.694455
177 74.563690 50.917496 2.622654 2.117964 2.458954
178 74.407799 50.991196 2.523409 2.098760 14.264622
179 74.395493 51.032417 3.175316 2.135073 0.000465
180 74.372635 51.004169 3.306980 2.132868 0.000001
181 74.279045 51.006786 3.227930 2.090269 0.000062
182 74.309692 50.905891 3.548122 2.114458 0.000027
183 74.263031 50.856544 3.760798 2.069106 0.000000
184 73.908859 50.452972 2.464894 2.222369 0.698579
185 73.978569 50.001755 1.850764 2.075876 1.718005
186 73.919823 49.727890 1.148315 2.200232 17.556406
187 73.703819 49.906799 1.277713 2.063835 12.801480
188 73.571922 49.874401 1.027775 2.257204 28.665983
189 73.655220 49.760231 1.205388 2.497700 27.527998
190 73.446632 50.046047 1.188570 2.166827 22.701769
191 73.664337 49.780128 0.749582 2.194801 33.924595
192 73.373383 49.978668 0.738342 2.435183 28.437235
193 73.083794 49.925629 0.568967 2.546413 28.194035
