%% Trajectory 75
153 40.410419 13.445969 0.534847 2.402565 18.127199
154 40.425171 13.078875 0.675340 2.266341 29.479630
155 40.544743 13.253187 0.916030 2.327474 17.653751
156 40.397079 13.111462 1.029762 2.141156 11.898392
157 40.422142 13.383344 0.950134 2.518226 22.198095
158 40.631100 13.105806 0.932859 2.243113 27.139410
159 40.321297 13.159345 0.931870 2.166922 4.582651
160 40.753410 13.153486 0.985808 2.272998 17.941893
161 40.609142 13.128449 0.949414 2.124894 20.995062
162 40.514988 13.169018 1.098477 2.479365 19.282154
163 40.539070 13.334860 1.036520 2.466161 23.941563
164 40.397903 13.326927 1.161373 2.238016 17.954868
165 40.615665 13.228118 1.118402 2.266339 23.899660
166 40.466938 13.296887 1.501782 2.331783 8.016085
167 40.627121 13.468950 1.479394 2.450059 9.373509
168 40.452515 13.371819 1.383959 2.400819 14.922675
169 40.390747 13.382657 1.521555 2.314776 16.949497
170 40.497982 13.427758 1.547158 2.437773 17.380810
171 40.672592 13.995645 0.972275 2.324080 31.660095
172 41.087254 14.306752 0.761462 2.261266 39.997540
173 41.066738 14.279631 0.394670 2.039007 7.879062
174 40.806931 14.537826 0.401534 2.711400 25.171198
