%% Trajectory 24
50 83.416206 27.946886 1.177686 1.731056 4.318065
51 83.470993 27.956900 1.401076 1.792125 8.558134
52 83.474884 28.049013 1.647482 1.833804 7.750856
53 83.426247 27.988472 1.548251 1.864004 3.177522
54 83.285789 28.031250 1.931248 1.785993 1.052357
55 83.154358 28.045279 1.915141 1.884872 7.880196
56 83.258232 27.905548 1.925711 1.763258 1.266190
57 83.268829 28.042646 2.389449 1.873227 2.675064
58 83.115547 28.105526 2.839095 1.913465 0.002580
59 83.006775 27.918739 2.803040 1.938605 0.014185
60 83.095589 28.030043 2.417983 1.854353 0.626426
61 83.091156 28.040745 3.015535 1.926103 0.000007
62 83.022324 28.030136 3.384783 1.960407 0.000000
63 82.981911 27.896196 3.443726 2.028495 0.000000
64 82.833977 28.006252 3.733653 2.047637 0.000000
65 82.281120 28.366247 2.734688 2.201246 0.000385
66 82.160149 28.436152 2.044447 2.219479 0.587476
67 82.220016 28.082348 1.806847 2.098280 1.474210
68 81.988373 27.977123 1.200480 2.030778 15.310749
69 81.661980 27.715826 1.153044 2.418800 11.872823
70 81.635628 27.899843 0.991017 2.340008 10.142673
71 81.607071 27.627682 0.847499 2.421899 23.073343
72 81.225967 28.311581 1.071230 2.162454 20.826729
73 81.748299 28.209599 0.950343 2.295267 18.027210
74 81.115952 28.311720 1.009785 2.485763 10.546144
75 81.887070 28.429209 0.661722 2.142670 25.636419
76 82.567093 28.726852 0.431294 2.546812 60.158157
77 81.230278 29.000051 0.578531 2.785991 46.067368
78 81.995918 28.862272 0.757294 2.301574 43.333469
79 82.670509 28.490093 0.402802 2.154802 12.918379
