%% Trajectory 88
189 19.533569 55.676758 0.848291 2.198245 13.998393
190 19.352976 55.711868 1.049858 2.113217 27.140661
191 19.789648 55.848045 1.704769 1.945634 4.319291
192 19.456888 55.649323 1.742833 2.176888 7.645685
193 19.491257 55.740070 2.388144 2.193566 1.493126
194 19.686609 55.708092 2.585823 2.070520 12.019853
195 19.597799 55.798187 2.877227 2.150869 11.846219
196 19.659781 55.777714 2.900321 2.097241 3.550112
197 19.997940 55.794281 1.991846 2.191526 9.999469
198 20.023718 56.071060 2.081408 2.120707 8.136131
199 20.260450 55.787258 1.640508 2.068157 14.647911
200 20.345634 55.951965 1.682461 2.116244 3.826955
201 20.376579 55.996937 1.567945 2.128181 2.574616
202 20.143074 56.185432 1.449505 2.080589 1.619508
203 20.047979 56.007626 1.500494 2.138101 8.306571
204 20.299520 55.899033 1.719952 2.201312 15.647239
205 20.592943 55.914879 1.464346 2.082665 10.232496
206 20.738546 55.698307 1.303354 2.458033 6.600098
207 20.450382 56.381802 1.070214 2.287272 10.831801
208 20.063700 55.831974 1.118735 2.479135 4.628257
209 20.496883 55.740044 1.093086 2.414827 7.901185
210 20.239143 55.410862 0.716347 2.472479 50.645851
211 20.686140 56.855839 0.516789 2.423832 42.595341
