%% Trajectory 49
123 55.162273 21.250416 0.806719 2.296570 25.686029
124 54.383846 21.190437 0.788981 2.303120 15.445647
125 54.823776 21.213423 1.470246 2.047043 2.529552
126 54.764816 21.243759 1.346349 2.024356 10.742926
127 54.807133 21.065611 1.345600 2.261819 11.196418
128 55.107483 21.081030 1.594552 2.028584 5.895587
129 54.724339 21.165550 1.315545 2.162282 26.545752
130 54.855598 20.925814 1.177923 1.966027 29.774788
131 54.780575 21.454700 1.460006 2.338634 25.445911
132 54.851902 21.484922 2.010268 2.395472 6.170493
133 55.234798 21.875216 2.490907 2.353081 0.072397
134 54.618416 22.473873 1.554936 3.111849 3.719695
135 55.082901 22.513226 1.340780 2.731053 40.268269
136 54.503357 22.616278 1.488546 2.664042 11.309364
137 55.022694 22.943209 1.521284 2.523390 7.787966
138 54.997860 22.524496 1.241237 2.833499 16.034849
