%% Trajectory 86
174 46.193512 62.896118 0.938900 2.038565 11.139169
175 46.181885 63.084976 1.201440 2.255877 18.480133
176 46.437592 62.961369 1.244262 2.037795 1.357863
177 46.211273 62.911034 1.917900 1.962963 0.036382
178 46.173840 63.069138 2.265967 2.216366 0.616975
179 46.351082 62.966637 2.324371 2.120310 0.000586
180 46.172565 63.074577 2.098052 2.019872 0.030375
181 46.267323 63.032570 2.967700 2.165630 0.004191
182 46.122784 62.859394 2.633925 2.073443 0.000053
183 45.642849 62.987919 2.263588 2.127919 0.154899
184 45.298409 62.909103 2.284611 2.512866 18.572044
185 45.104862 62.987015 2.635861 2.156965 3.041185
186 45.196739 63.399307 1.901482 2.334634 13.668247
187 45.178310 63.603405 1.875456 2.361194 21.925173
188 45.114910 63.501709 1.787768 2.370580 11.097552
189 44.930702 63.169159 1.472033 2.526507 35.266365
190 45.069489 63.030548 0.933002 2.565982 34.978924
191 45.089081 63.157852 0.714289 2.223294 38.285839
192 45.677219 63.345581 1.037352 2.753486 21.212189
