%% Trajectory 121
190 79.274345 23.925014 0.586269 2.310791 23.907459
191 79.311615 23.418264 0.856075 2.268040 8.709645
192 79.275932 23.542646 1.001002 2.192805 6.802585
193 79.295319 23.653473 1.321848 2.210006 1.482921
194 79.322578 23.646362 1.309821 2.382197 2.952552
195 79.145065 23.635794 1.561309 2.053761 7.738987
196 79.181793 23.723633 1.602880 2.150198 13.426172
197 79.219818 23.776987 1.468663 2.145014 3.410743
198 79.160362 23.654016 2.131547 2.218967 13.380085
199 79.261002 23.812756 2.250715 2.191820 10.489657
200 79.303444 23.821642 2.270065 2.209596 15.583366
201 79.119034 23.779390 2.478411 2.150327 0.324956
202 79.116524 23.736326 2.573524 2.181556 0.007027
203 79.039047 24.039255 1.525159 2.133034 12.459434
204 78.671608 24.552418 1.114699 2.463187 11.896076
205 78.932831 24.431883 1.151150 2.175266 18.298042
206 79.042732 24.919388 0.876327 2.115380 27.908075
207 79.110992 24.828407 0.875046 2.214489 34.590389
208 78.832855 24.284096 1.015689 2.326229 20.326344
209 78.790070 24.619558 0.765224 2.300256 35.982983
210 78.826904 24.458038 1.060930 2.472075 15.515996
211 79.033455 24.786619 0.908840 2.376766 20.333967
212 78.882904 23.958437 0.460087 2.183470 54.888477
213 78.726707 24.096161 0.376162 2.605091 100.190384
214 79.079155 24.727007 0.323218 2.774467 79.345757
215 78.047646 24.600319 0.516165 2.281168 26.582407
