%% Trajectory 503
92 45.044224 90.102448 0.395123 2.203654 198.364639
93 45.716530 90.326721 0.706527 2.279998 134.130753
94 45.586914 90.070969 0.785670 2.518333 137.635101
95 45.040119 90.040451 0.917379 2.465714 88.921204
96 45.089699 89.847351 0.831541 2.163303 82.920822
97 45.553596 89.565018 1.171506 2.534199 91.772888
98 45.412041 90.112236 1.183054 2.270935 97.238342
99 45.350895 89.894806 1.611636 2.374870 65.464630
100 45.834984 90.028450 1.509056 2.082716 55.531467
101 45.774841 89.802391 1.284920 2.042445 55.938622
102 45.715183 89.843918 1.232982 2.145868 81.076561
103 45.625156 89.794838 1.364606 2.231535 45.340637
104 45.341434 89.601410 1.287354 2.208392 54.105576
105 45.795486 89.852539 1.247292 2.242505 74.927071
106 46.090694 90.043648 1.389604 2.465076 63.246426
107 45.684105 89.802437 1.109711 2.020736 46.100273
108 45.843910 89.805344 1.540288 2.262266 51.321491
109 45.586044 89.767029 1.537618 2.599152 69.093689
110 45.706264 89.833839 1.522181 2.403559 64.664490
111 46.018848 89.773003 1.484653 2.038684 17.415630
112 46.000908 89.735497 1.625888 2.218070 30.299522
113 45.939671 89.870544 1.345301 2.361043 57.109882
114 46.247044 90.060242 1.238921 2.142116 47.561638
115 45.904499 89.592537 1.472731 2.562654 60.926426
116 46.053616 89.585098 1.493793 2.438013 49.594574
117 45.698162 89.552673 1.526262 2.341902 36.983715
118 45.266914 90.076103 1.043808 2.549993 87.690758
119 45.620350 89.658844 1.175770 2.541677 61.408962
120 45.777313 90.007690 1.840771 2.348894 26.418617
121 45.635151 89.549820 1.363551 2.510100 48.670830
122 45.971294 89.633057 1.628731 2.246701 43.636765
123 46.218758 89.658211 1.655123 2.329413 22.336081
124 45.999966 88.829811 1.609752 2.181401 23.420685
125 45.506493 89.019913 1.451409 2.249750 58.661121
126 46.221680 89.238922 1.598911 2.332489 37.287094
127 46.320122 89.115349 1.289449 2.442796 84.477669
128 46.489761 89.905998 1.027216 2.347679 103.050850
129 46.322971 89.334373 1.139263 2.637125 76.257996
130 45.960613 89.386925 1.153710 2.193067 100.099976
131 45.904655 89.316277 1.214933 2.343584 65.644608
132 46.241032 89.950996 0.735227 2.543021 151.647369
133 46.297455 88.978935 1.003512 2.140006 68.585777
134 46.378616 89.123299 0.863436 2.284170 103.927368
135 46.516628 90.089020 0.578277 2.447176 206.946457
136 46.863411 89.463203 0.830387 2.489103 131.395401
137 47.956409 90.386284 0.708363 2.650259 155.703445
138 50.405060 90.800758 0.306434 3.254040 101.133598
