%% Trajectory 61
87 8.354990 82.470192 1.269574 2.404531 60.648945
88 8.680010 82.493050 1.345711 2.367079 29.102240
89 8.397456 82.498306 1.557408 2.500239 73.677803
90 8.310324 82.801765 1.614198 2.395095 72.838028
91 8.618314 82.552536 1.319318 2.498687 67.263420
92 8.099834 82.472816 1.437615 2.701909 37.596474
93 8.214079 82.697678 1.679354 2.155052 54.963211
94 8.135762 82.588547 1.982323 2.438306 45.590260
95 8.750096 82.597710 1.959263 2.494478 52.912418
96 8.512529 82.535721 1.933833 2.594851 56.415344
97 8.631037 82.295433 2.011081 2.880213 36.301620
98 8.530540 82.619705 2.092792 2.640942 36.425510
99 8.531232 82.696640 2.117329 2.550178 32.445358
100 8.959474 82.702438 1.832076 2.234855 37.349895
