%% Trajectory 367
62 8.439220 82.181923 0.162007 1.647496 109.110222
63 8.158691 82.065636 0.405874 1.835196 171.290970
64 8.596784 81.705925 0.334369 2.140717 224.930206
65 8.120879 81.922394 0.519173 1.642648 105.982880
66 8.920021 81.745270 0.820833 1.995229 51.716515
67 7.639701 82.019768 0.233220 1.857442 189.025833
68 8.400684 81.661812 0.633535 1.960938 109.066566
69 8.287216 81.809669 1.101162 1.998118 16.979925
70 8.394375 81.840034 0.765112 2.075755 95.874977
71 8.562307 81.769836 0.744455 2.022879 97.813354
72 8.178885 81.778114 0.783224 1.981197 71.944771
73 8.248722 82.103310 1.429295 1.946818 25.749165
74 8.460232 82.017616 1.131223 2.162594 33.418888
75 8.280425 82.036278 0.919981 2.207968 71.678978
76 8.763104 81.779739 1.165044 1.829210 19.850327
77 8.341233 82.279556 1.212955 2.203203 56.266689
78 8.760106 82.173714 1.234010 1.980337 36.939640
79 8.662437 82.227394 1.825622 2.132831 21.052158
80 8.593661 82.014854 1.884368 2.141502 18.921066
81 8.768155 82.282959 1.657932 2.187697 13.797806
82 8.537869 81.848061 1.403925 2.122445 23.732992
83 8.766030 81.927528 1.530617 2.037967 19.303366
84 8.732800 81.730415 1.594700 2.131331 24.634541
85 9.111735 82.037170 1.759193 2.013959 14.086963
86 9.030963 82.091530 1.581310 2.090870 27.142923
87 8.635199 82.112968 1.460538 2.001077 11.540118
88 9.175576 82.230331 1.496659 1.965580 30.304901
89 8.836035 82.192726 1.961424 2.353827 26.183716
90 8.636524 82.326340 1.804879 2.048247 17.302658
91 8.825726 82.266083 1.902392 2.037981 12.489500
92 8.808231 82.509056 2.157567 2.421964 7.697219
93 8.789151 82.456062 1.896287 2.189491 18.930445
94 9.050102 82.107552 1.552598 1.997883 6.804118
95 9.009661 82.267685 1.613106 2.138790 23.613365
96 8.922822 82.047089 1.965948 2.442485 21.232409
97 8.857982 82.139359 1.736216 2.368628 33.769169
98 9.064776 82.219566 1.600200 2.594166 24.585432
99 8.817101 82.024933 2.054704 2.266886 11.106334
100 8.825728 82.183266 1.531303 2.354376 17.980118
101 9.497781 82.242310 1.673813 2.528546 14.181771
102 8.780974 82.229309 1.834398 2.310575 16.549152
103 9.129561 82.341148 1.536045 2.359928 30.458277
104 9.244568 82.383492 1.366602 2.753501 32.147327
105 9.146974 81.779182 0.809518 2.105131 73.822479
106 9.036530 82.746590 0.924843 2.256199 62.084717
107 8.959670 82.726776 1.238206 2.088279 12.941607
108 8.984714 82.805389 0.917379 2.054945 37.386162
109 8.903230 82.606094 1.250259 2.589090 50.824867
110 8.885723 82.953339 1.265318 2.048424 16.755800
111 9.170685 82.315445 0.953209 2.139469 57.065189
112 8.922849 82.662285 0.907692 2.387138 90.363434
113 8.278095 82.912766 1.063703 2.409410 64.427917
114 8.705997 83.186707 1.061466 2.458668 49.640808
115 9.067511 82.324577 0.888779 2.832760 77.405617
116 8.888063 82.252838 0.688727 2.052583 113.745483
117 9.018784 82.460068 0.658749 2.915731 152.595505
118 9.154343 82.460213 0.536256 2.578981 210.851517
119 8.582795 82.175285 0.624543 2.796308 168.628006
120 8.932753 81.154892 0.529663 2.625873 197.701950
121 8.920199 82.063568 0.754430 2.215920 113.213272
122 11.051261 83.308624 0.320320 2.789323 186.589828
123 8.610619 80.704727 0.279170 2.924604 159.447357
124 7.748236 81.673851 0.280722 1.972828 307.486481
