%% Trajectory 80
149 79.127991 47.258358 0.813815 2.173253 35.792603
150 78.691231 47.162590 0.748494 2.071900 34.222698
151 78.941681 47.498035 0.793619 2.212502 43.763531
152 78.533325 47.599316 0.953159 2.524674 22.781467
%% Trajectory 87
165 78.811806 47.431190 1.072357 2.382529 31.070894
166 78.978935 47.189754 1.150890 2.240654 44.978195
167 79.082535 47.265369 0.997120 2.317003 9.637837
168 79.078674 47.384644 0.888679 2.082058 29.729673
169 79.044579 47.257496 0.964716 2.230403 20.875910
170 79.536263 46.993008 0.927878 2.086871 27.621319
%% Trajectory 96
186 79.613426 47.522514 0.923508 2.323177 38.069065
187 79.660339 47.832962 0.781637 2.018786 6.428876
188 79.368698 47.458012 0.963166 2.194474 25.949654
189 79.549980 47.337822 0.997528 2.433230 26.650034
190 79.182068 47.630943 0.785444 2.021906 22.329939
191 79.544044 47.685299 1.177990 2.398695 32.371590
192 79.525810 47.825130 1.092227 2.260582 30.060371
193 79.409523 47.445614 1.234609 2.444863 60.014877
194 79.699600 47.851467 1.004488 2.244750 30.824118
195 79.864090 47.458248 1.267155 2.256073 18.929588
196 79.692429 47.452374 1.218265 2.323789 26.007381
197 79.464165 47.486008 1.169992 2.493160 32.805031
198 79.664322 47.532894 1.035010 2.299176 15.597075
199 79.582520 47.516537 1.058356 2.369640 52.613861
200 79.735023 47.576706 1.107926 2.339520 31.476362
201 79.350945 47.485428 1.327300 2.347296 44.768845
202 79.648659 47.646263 1.411599 2.355545 46.239964
203 79.568275 47.609352 1.320060 2.484384 26.678268
204 79.760277 47.610756 1.170197 2.196819 28.542095
205 79.611801 47.532330 1.237793 2.300405 25.371624
206 79.361076 47.556263 1.215842 2.564116 55.612431
207 79.619392 47.802841 1.372741 2.186739 69.391190
208 79.590759 47.574444 1.181621 2.368381 91.053291
209 79.768867 47.452805 1.337320 2.238302 41.017269
210 79.621819 47.541519 1.068859 2.325677 55.180157
211 79.967690 47.726673 1.211157 2.294255 65.288452
