%% Trajectory 1115
165 78.413513 48.720654 0.317359 4.529696 0.031676
166 80.267937 47.764301 0.263270 2.976084 236.383469
167 78.794220 47.228786 0.377669 3.044872 224.427994
168 78.573738 47.933208 0.391789 2.552304 347.628693
169 78.790276 48.432495 0.682745 2.770440 167.209534
170 78.890907 47.467693 0.741998 2.349797 156.108139
171 79.736855 48.221638 0.611174 2.735656 205.087433
172 79.830894 48.162025 0.547427 2.818977 223.606430
173 79.139191 48.006348 0.452928 2.462566 396.674591
174 79.879631 47.498909 0.705702 2.567539 181.955414
175 79.733559 48.172218 0.892681 2.472645 96.452019
176 79.106888 47.954693 0.795974 2.609453 150.077362
177 79.250801 48.197208 0.757703 2.495826 148.002548
178 79.230202 48.425709 0.888845 2.551892 102.530457
179 78.960800 47.988396 1.134527 2.802100 36.632923
180 79.278442 47.935497 1.167494 2.597690 28.867638
181 79.709702 48.371521 1.439437 2.235038 12.588669
182 79.064590 48.714108 1.323892 2.590444 14.516171
183 79.238197 48.234398 1.200393 2.866631 22.629128
184 78.893791 48.811657 1.046282 2.421161 59.762516
185 79.559448 48.245846 0.994194 2.375935 72.361038
186 79.480194 48.472031 1.191793 2.446412 40.706093
187 79.409615 48.542404 1.193021 2.503916 38.824429
188 79.336227 48.609344 1.642838 2.381186 7.271185
189 79.565208 48.582870 1.727764 2.563378 14.284097
190 79.600121 48.427193 1.267337 2.592733 22.339832
191 79.512352 48.861500 1.156307 2.676250 29.238447
192 79.632790 48.357483 1.305386 2.496831 19.469517
193 80.083015 48.334675 1.051092 2.693139 43.522568
194 79.841667 48.012909 0.953207 2.418323 58.324463
195 79.678741 47.969494 0.797820 2.408504 149.679565
196 80.240280 48.430874 1.355074 2.346968 22.373367
197 79.794540 48.550220 1.119667 2.254383 27.261650
198 80.085648 48.286724 1.174044 2.306163 28.074980
199 79.992928 47.943756 0.910274 1.988550 63.890816
200 79.424515 48.444118 1.197492 2.464408 25.468166
201 79.823906 48.516926 1.235832 2.509115 18.126379
202 79.746696 48.683468 1.146281 2.180918 21.147043
203 79.862717 48.322525 1.234739 2.269247 24.662224
204 79.751816 48.293030 1.043689 2.109041 51.471657
205 79.505486 48.411701 1.048978 2.591392 49.375847
206 79.787224 48.651901 1.311664 2.285528 26.430389
207 79.841103 48.616543 1.567064 2.149544 23.071079
208 79.923485 48.818699 1.297595 2.443446 48.399494
209 79.706184 48.755714 1.535274 2.429469 28.931572
210 79.756104 48.889011 1.069640 2.462634 81.880829
211 80.105461 49.167934 0.889245 2.448782 144.353577
212 80.187477 49.279003 0.876467 2.266862 111.131012
213 80.085701 48.791344 1.212901 2.164159 46.936390
214 79.783836 48.845264 1.332180 2.184956 39.187016
215 80.548668 48.920696 1.150133 2.460982 46.570316
216 79.847969 49.699905 1.014071 2.273474 83.172173
217 80.200745 49.272686 0.654641 2.246359 258.007599
218 80.333176 49.034348 0.747524 2.347292 153.373779
219 81.047089 49.444122 0.645324 3.167815 100.360115
220 80.724968 48.738708 0.479596 2.696774 326.221252
221 80.781151 49.067406 0.643518 2.498779 264.967316
222 81.030609 49.891651 0.346671 2.538282 491.804840
223 80.604874 49.513920 0.438600 2.834434 293.491760
225 78.422142 50.682339 0.285980 2.740224 398.318420
226 80.115616 50.594276 0.321668 2.957777 285.831116
227 79.509750 50.194878 0.276767 2.323556 598.751160
