%% Trajectory 1139
165 82.561371 55.155796 0.467471 2.983879 158.376953
166 82.351509 54.779266 0.346126 3.320633 98.343575
167 82.722015 55.365650 0.622207 2.683377 172.934830
168 81.034447 54.618061 0.538024 3.325561 58.631283
169 81.784920 55.622047 0.913967 2.096673 39.087761
170 82.519829 55.069523 0.471567 2.301630 387.468903
171 81.644157 55.097237 1.009095 2.492882 54.581390
172 81.667030 55.224651 0.945333 2.526944 40.398861
173 82.012772 54.915497 0.976538 2.113201 42.939247
174 81.920334 54.956203 1.048845 2.322211 39.748577
175 81.791527 55.138042 0.894131 2.606229 57.563992
176 81.856621 54.821289 1.438754 2.184585 33.215309
177 82.109650 55.280567 1.144445 2.424065 46.193890
178 81.807358 55.012226 1.281382 2.226412 29.960918
179 81.747894 54.940842 1.311635 2.393579 52.421711
180 82.128281 54.731766 1.232640 2.538052 58.331272
181 81.385429 55.102291 1.604944 2.317005 26.094849
182 81.690453 55.002254 1.368474 2.674978 36.260704
183 81.443916 55.332287 1.651599 2.473907 31.818537
184 81.603592 55.108341 1.046902 2.210005 41.041294
185 81.678703 54.726467 1.014539 2.863006 57.265079
186 81.405960 55.435905 1.172264 2.684985 56.755592
187 81.792313 55.316475 1.129170 2.412466 52.339310
188 81.498672 55.511898 0.979351 2.725585 54.122910
189 81.907921 54.950172 1.155816 2.431197 55.894707
190 81.105438 55.679726 1.026138 2.465387 55.780521
191 81.641716 55.166344 1.168319 2.166922 42.381947
192 81.640976 55.412376 1.096820 2.360607 81.472534
193 81.715454 54.989471 1.073701 2.320863 77.272614
194 81.468933 55.054859 1.135675 2.648461 44.935879
195 81.891197 54.579796 1.049219 2.204842 40.074253
196 81.292267 55.064171 1.113185 2.045059 53.637741
197 81.386902 55.516827 0.999138 2.407654 79.667625
198 81.730644 55.155685 1.070574 2.271669 40.697060
199 81.587067 55.071632 0.962350 2.373704 99.680862
200 81.816093 55.168076 1.125988 2.442279 68.959641
201 81.091431 55.137409 0.870976 2.500546 109.530762
202 81.209335 55.198814 0.678005 2.284946 189.178726
203 81.277649 55.212761 0.758791 2.760430 150.305496
204 81.786118 55.298855 0.966960 2.171324 85.647011
205 81.789078 55.313595 0.660639 2.384726 230.290054
206 81.249130 55.804855 0.646102 2.479674 200.807281
207 81.195389 55.195660 0.758807 2.861468 123.618835
208 81.273178 55.231632 1.194310 2.363042 68.864105
209 81.467140 55.319687 1.186497 2.593421 75.093895
210 81.830925 55.410160 0.953680 2.655200 77.809525
211 81.048233 55.331787 0.710996 2.464671 182.675079
212 80.934494 55.500122 1.056369 3.057341 53.539429
213 81.340744 55.580292 0.885553 2.289451 78.677429
214 82.079048 55.589939 0.847984 2.482138 132.378281
215 81.700203 55.379261 0.973013 2.170490 85.134583
216 81.374855 55.666454 0.990356 2.375959 105.463943
217 81.595634 55.199070 1.167783 2.367342 77.309196
218 81.398659 55.586884 1.244246 2.602991 59.018330
219 81.259300 55.892673 1.082421 2.567310 70.130516
220 81.199158 55.663521 0.740745 2.511388 135.338867
221 80.940453 56.014729 1.372946 2.532539 34.297775
222 81.376320 55.773197 1.567744 2.448272 11.728236
223 81.386391 55.953232 1.224346 2.486752 45.667759
224 81.230667 55.939880 1.186339 2.446592 51.006748
225 81.480774 56.155396 1.005720 2.257746 63.137791
226 81.289291 56.004280 1.141330 2.209573 52.667507
227 81.176186 56.125988 1.218879 2.180145 40.169106
228 81.607201 56.042068 1.060030 2.528183 78.436188
229 80.767395 56.173210 1.177335 2.361951 53.485130
230 81.250381 56.425869 1.200705 2.749244 23.592278
231 81.178230 56.303394 1.028908 2.554632 63.977993
232 81.187180 56.172813 0.899875 2.363099 80.387314
233 81.014793 56.076672 0.861654 2.410090 81.785431
234 81.058594 56.189789 1.127571 2.321232 75.672607
235 80.914490 56.168720 1.085636 2.591825 56.532196
236 81.050034 56.472187 1.020429 2.544600 70.349434
237 80.760880 55.972702 0.954245 1.941934 27.645144
238 81.321396 56.839203 0.726467 2.252383 123.735825
239 80.844063 56.215458 0.972013 2.167723 41.008598
240 81.022606 56.552353 1.225852 2.616284 64.795700
241 81.116989 55.965687 0.610549 2.613229 176.871246
242 80.951538 56.059856 0.843549 2.593749 79.080208
243 81.370758 55.784798 0.687585 2.462804 143.333328
244 81.235725 55.938148 0.884951 2.162004 68.920036
245 81.289513 56.476608 0.765008 2.551266 116.343277
246 81.244621 56.255596 0.607174 2.256682 240.113449
247 81.218842 56.255920 0.637758 2.118246 157.427094
248 81.019676 56.132458 0.865363 2.636747 106.067039
249 80.379723 56.411243 0.394433 2.227918 283.082458
250 81.455620 55.550407 0.527361 2.666517 204.325806
251 80.330826 56.474182 0.424555 2.603586 265.675537
252 80.924217 56.199310 0.453923 2.138372 335.569519
253 81.145538 56.135975 0.443011 1.998196 318.937469
254 80.992821 57.196301 0.519741 2.218157 310.234894
