%% Trajectory 58
159 81.102890 55.231686 1.033564 2.300912 36.811211
160 81.140312 55.181587 0.959314 2.026515 53.378490
161 81.194412 54.904140 0.842008 2.215551 15.777534
162 81.340355 54.878822 0.937048 2.264969 53.739185
165 81.483597 54.751678 1.139937 2.295769 32.373718
166 81.474556 54.766537 0.979565 2.220225 42.879120
167 81.394798 54.920341 0.889196 2.141943 25.714478
168 81.224197 54.843544 0.998727 2.206526 41.188194
169 81.238312 54.894165 1.115334 1.966491 48.413670
170 81.025215 54.836079 1.064773 2.515267 40.474472
171 81.432449 54.838902 1.251752 2.413256 35.352428
172 81.284424 54.869892 0.912782 2.286831 19.150761
173 81.102959 55.233391 1.132950 2.328454 39.969444
174 81.529709 54.987835 0.903133 2.374671 20.675617
176 81.683540 54.499458 1.054997 2.648314 6.202596
177 81.452164 54.927971 1.003329 2.413047 26.035946
178 81.367409 54.841061 1.049563 2.214482 18.046963
179 81.011139 55.074650 1.314089 2.159966 39.815845
180 81.262444 54.872326 1.367206 2.196196 36.784554
181 81.219521 54.766781 1.256499 2.400264 28.631672
182 81.212135 54.910568 1.440371 2.186060 23.975248
183 81.170578 54.696926 1.022013 2.364707 9.156928
192 81.286148 54.856438 1.037815 2.367069 52.942913
193 81.234985 54.587429 1.293037 2.330423 36.234550
194 81.450462 54.670135 1.373384 2.517598 45.289711
195 81.323685 54.930607 1.141158 2.266003 40.773121
196 81.156097 54.765148 1.285393 2.399875 45.719028
197 81.438927 54.704414 1.417242 2.579482 38.728642
198 81.067955 54.835651 1.675272 2.206831 13.569221
199 81.515053 54.861046 1.492142 2.472559 45.271164
200 81.348137 54.751911 1.705745 2.342486 38.826153
201 81.233528 54.681160 1.675699 2.283754 26.147474
202 81.231491 54.826866 1.657686 2.343335 21.766628
203 81.350182 54.824898 1.806140 2.358538 33.999222
204 81.289818 54.891975 1.593390 2.263185 30.462013
205 81.394005 54.847427 1.695134 2.534705 34.561275
206 81.549522 54.849686 1.723311 2.417788 19.902315
207 81.292297 54.847446 1.639497 2.387510 43.638435
208 81.244286 54.962677 1.700416 2.293831 26.855724
209 81.354767 54.763885 1.949268 2.366655 21.800652
210 81.498329 54.896255 1.909614 2.276368 18.790972
211 81.268677 55.024113 1.478452 2.361493 31.637577
212 81.814613 54.964630 1.521907 2.244873 26.096157
213 81.255867 55.273479 1.652882 2.273719 27.225790
214 81.545937 55.192684 1.376847 2.388433 40.422024
215 81.469353 55.252750 1.211448 2.365382 29.721819
216 81.302734 55.269844 1.560828 2.201394 20.983315
217 81.584801 55.292961 1.164082 2.171336 24.524380
218 81.176193 55.320316 1.171234 2.222770 26.949411
219 81.205948 55.557701 1.223351 2.276761 21.599216
220 81.069435 55.593124 1.350080 2.251340 21.354126
221 81.249031 55.452103 1.231361 2.398957 29.269320
222 81.089188 55.484676 1.362914 2.159528 14.637034
223 81.166039 55.610420 1.402992 2.168123 30.074759
224 80.987961 55.494591 1.262535 2.275241 24.162716
225 80.922218 55.414288 1.376453 2.221391 18.743528
226 81.221153 55.654312 1.453547 2.356518 17.058260
227 81.048233 55.373600 1.343302 2.235070 22.984352
228 80.960579 55.344505 1.541575 2.114003 14.222356
229 81.073303 55.581299 1.533471 2.154833 18.256069
230 80.867798 55.522491 2.009225 2.207728 10.677672
231 81.044731 55.547043 1.823842 2.121251 10.779489
232 80.995872 55.480820 1.757178 2.139796 19.648872
233 81.043976 55.440376 2.130618 2.148017 14.110168
234 81.061890 55.595505 1.956351 2.169218 16.770020
235 81.041588 55.579929 1.661974 2.140558 21.406010
236 80.946182 55.606419 1.851876 2.236451 16.513689
237 80.925888 55.593460 2.028218 2.138413 11.789978
238 80.989601 55.493412 1.891260 2.233622 17.536970
239 80.965439 55.381474 1.716707 2.134378 27.207439
240 81.016113 55.451145 1.964142 2.145028 27.749807
241 80.980347 55.406826 1.862910 2.058264 27.457771
242 81.025406 55.536987 1.565696 2.163399 33.337509
243 80.873688 55.469631 1.664546 2.147244 27.163279
244 81.019341 55.357990 1.793315 2.154347 27.523094
245 81.003723 55.391922 1.624721 2.127822 14.796837
246 80.977325 55.499832 1.878883 2.184944 33.118797
247 81.149246 55.574905 1.676491 2.101832 18.775957
248 81.173698 55.532230 1.774142 2.172546 19.805344
249 81.142090 55.441246 1.673807 2.129946 19.634846
250 81.036636 55.434090 1.715322 2.197285 23.364552
251 81.109924 55.476105 1.876119 2.299403 24.094051
252 81.047661 55.421986 1.676387 2.234604 32.898441
253 81.129700 55.444340 1.731251 2.402457 23.523285
254 81.020363 55.454678 1.854590 2.153740 13.232142
255 81.205185 55.273418 1.600694 2.021477 31.435772
256 81.031761 55.283295 1.417600 2.143663 54.959568
257 80.717766 55.743702 1.312017 2.324009 50.126823
258 80.638260 56.284863 0.853134 2.206152 24.604191
259 80.259087 56.144634 0.823652 2.084184 10.263325
