%% Trajectory 12
18 49.295902 87.820343 1.793391 3.048038 0.015372
19 49.849403 87.732780 1.863650 2.371265 0.455860
20 50.095634 88.018394 2.004671 3.018747 16.299589
21 49.714584 87.395035 2.223887 2.676633 4.439579
22 49.727673 87.576553 2.576037 2.702669 3.212103
23 49.938232 87.732864 3.284919 2.623401 8.963833
24 49.704830 87.910667 3.459969 2.625750 20.400343
25 49.574890 87.700035 2.753534 2.622371 2.107328
26 49.643734 87.585716 2.940578 2.583025 14.427405
27 49.867195 87.826836 3.154758 2.421578 5.277788
28 49.801064 87.737762 2.599381 2.731296 10.105953
29 49.715816 87.728233 2.646875 2.913029 5.213829
30 49.473137 87.139412 2.808253 2.777754 7.955035
31 49.657379 87.664635 2.596823 2.840290 5.526175
32 49.773823 87.133514 3.239684 2.591931 0.579182
33 50.097004 87.501907 3.539443 2.677499 9.364031
34 49.956734 87.473602 2.782713 2.773698 4.855282
35 49.981358 87.548248 2.326971 2.791965 9.801554
36 49.478436 87.871872 2.451134 2.715670 22.911366
37 49.812721 88.147903 2.256180 2.316943 1.411211
38 49.602547 87.800522 2.459724 2.570907 15.769837
39 49.872910 88.001244 2.172291 2.280366 0.564176
40 49.623581 87.339073 2.268563 2.874221 7.725235
41 49.539005 87.706169 2.255370 2.619268 3.600358
42 49.826721 87.576721 2.055080 2.572054 8.502131
43 49.925762 88.040352 2.548427 2.334585 0.098281
44 49.864964 87.807610 2.467263 2.303329 0.437222
45 50.000530 87.892830 2.232532 2.129101 13.717558
46 50.413925 87.724693 2.593946 2.349053 0.115002
47 50.083439 87.628227 2.115895 2.651366 8.525437
48 49.961308 88.059242 1.898683 2.331582 3.771153
49 49.526730 87.765091 2.142720 2.427288 2.813041
50 49.819614 88.104416 1.708076 2.733557 41.096470
52 49.308140 87.261009 2.147408 2.948859 3.380429
53 49.354828 87.468750 2.009865 2.791284 15.840899
54 49.658947 87.448982 2.325655 2.786072 0.003379
55 49.541466 87.679604 1.492841 2.878474 22.548374
57 50.129299 87.296272 2.043870 2.742928 4.907160
58 49.480442 87.529915 1.926424 2.479733 1.964802
61 50.888237 87.345039 1.161212 2.548296 34.197510
