%% Trajectory 111
155 19.440125 73.136360 1.497523 2.962196 3.241012
158 19.948666 72.435722 1.915952 2.692002 7.002195
159 19.326696 72.738518 1.308459 2.886400 38.475636
161 19.727419 72.992722 1.821205 2.166155 7.805054
162 19.306248 72.540649 1.737280 2.478369 32.250202
163 19.133196 72.637642 2.521752 2.145026 18.838411
165 19.291111 72.889565 1.600284 2.275131 26.031456
166 19.191307 72.825569 2.104724 2.312384 5.218505
167 19.729788 72.749153 2.295153 2.718689 12.014111
169 19.922230 73.244934 3.652246 2.482068 1.760434
170 19.384706 73.117668 3.206276 2.439694 13.317828
171 19.257393 72.611984 3.365668 2.239131 0.045872
172 19.137253 72.939522 2.631476 2.455421 15.461172
173 19.589626 72.592018 2.559133 2.733200 7.496529
174 19.622145 72.815170 2.844703 2.257242 7.250243
175 19.765020 73.094002 3.509395 2.525733 0.078676
176 19.581186 72.712860 3.494881 2.476639 0.000067
177 19.411554 72.863380 3.705408 2.311270 0.000055
179 19.616463 72.784309 4.491167 2.375553 0.000000
180 19.526627 72.752373 3.761611 2.786994 3.959124
181 19.612246 72.765350 3.747196 2.514034 0.000071
182 19.643591 72.733505 4.147586 2.346960 0.697287
183 19.938467 72.560875 3.592669 2.325442 2.984470
184 19.934919 72.772018 4.249039 2.338059 0.000618
185 19.294483 72.960907 3.890393 2.151347 0.002363
186 19.370068 72.781654 3.729983 2.392805 0.000067
187 19.304316 72.985794 4.260536 2.285976 0.000074
188 19.525518 72.383957 4.019062 2.398877 0.003574
190 19.864334 72.882751 4.238144 2.451465 1.382490
191 19.440474 72.587318 4.468987 2.371663 0.876820
192 19.272930 72.497498 4.163169 2.430529 0.000902
193 19.453024 72.998917 3.989946 2.302829 0.000985
194 19.407629 72.935669 4.730422 2.358484 0.000000
195 19.669474 72.813011 4.870421 2.277307 0.000000
196 19.309830 72.585640 4.573425 2.435367 0.000172
197 19.498371 72.469238 4.653179 2.646876 0.000336
198 19.676132 73.024025 4.967721 2.403288 1.292712
199 19.604332 72.947090 4.320689 2.123261 0.000218
200 19.802128 72.676598 3.421448 2.307729 0.405821
202 19.590134 72.944237 4.259270 2.360122 1.409292
203 19.259396 72.705978 4.403273 2.337248 0.045938
205 20.366640 72.357773 2.903576 2.436203 0.182329
206 20.153606 72.849617 2.959582 2.426364 15.760617
207 20.190344 72.182953 3.444196 2.757674 2.060972
208 19.869812 72.324493 3.563787 2.344382 0.001349
210 20.391228 72.065376 2.721639 2.457426 0.087065
212 19.852057 72.327362 2.596312 2.365377 1.882812
214 20.347147 72.134735 3.631387 2.474162 0.117965
216 20.345537 72.556557 3.697486 2.424666 0.011210
218 20.119987 72.426460 2.439012 2.399377 4.692332
219 20.168335 71.735664 2.172958 2.768893 9.496495
221 20.765360 73.056053 1.607314 2.101209 3.523582
223 20.268021 72.362831 1.098865 2.318352 42.388245
225 21.328733 72.851440 2.332135 3.028873 4.559633
227 20.630041 73.231323 1.745775 2.969909 14.770036
228 20.411482 72.972778 1.775768 3.035753 7.495821
229 20.027048 72.713234 2.157297 2.760053 1.013014
231 20.648104 72.299728 1.273688 2.112777 53.910095
233 20.880106 72.472931 1.607182 2.620676 22.667257
236 20.781462 72.731613 1.514481 2.768408 27.901426
