%% Trajectory 445
403 55.277309 82.502380 1.203196 2.807367 78.636131
405 54.998829 84.354698 1.478359 2.270311 32.271576
408 55.281410 83.101181 1.163741 2.393367 70.049263
410 55.686432 84.046913 1.588336 2.908074 57.827961
411 55.422302 83.273743 1.616547 2.555241 63.614147
412 54.937397 83.080017 1.625738 2.563811 38.569866
413 55.016251 83.343300 1.762867 2.531385 33.143314
414 55.156898 83.398529 2.397191 2.389237 9.670140
415 54.961395 83.589600 2.293920 3.133353 17.705441
416 55.122055 83.500496 2.277720 2.670731 1.670713
418 55.075478 83.270370 3.072483 2.533430 8.554280
419 54.844486 83.312981 3.014986 2.869603 1.375778
420 54.800793 83.568817 2.905704 2.520005 2.369480
421 54.838123 83.339417 3.134145 2.449124 0.161405
423 55.347164 83.677666 2.491518 2.449213 15.011540
424 55.360806 83.328918 2.589617 2.339778 12.911809
425 55.204334 83.251511 2.638679 2.296781 3.228953
427 55.158207 83.500542 2.991707 2.467519 0.773874
428 55.109154 83.375000 3.321412 2.244226 14.010189
429 54.968021 83.374054 3.491507 2.864483 6.514393
430 54.721085 83.396484 3.635363 2.317103 0.000272
431 55.159302 83.377357 3.834508 2.379006 8.890073
432 55.496941 83.334259 3.831496 2.615165 0.003144
433 55.082600 83.530472 3.549888 2.577220 5.696310
434 55.082493 83.423073 4.127944 2.653014 17.078430
435 55.118458 83.426109 3.771328 2.595732 2.937786
437 54.277878 83.427406 2.008250 2.763274 10.818680
438 54.852673 83.237648 2.288049 2.401970 18.423084
440 54.255119 83.224602 2.002259 2.361793 23.259092
442 53.615685 83.198029 2.617349 2.643688 0.109646
443 53.695126 83.860786 2.608005 3.064689 2.466021
444 53.834148 83.892448 1.911425 2.500011 7.063354
445 53.953682 84.381950 2.091280 2.505921 9.114361
446 53.246620 84.289314 2.348949 3.034655 1.024256
448 53.796143 83.237457 1.302850 2.523512 83.744614
449 53.659203 83.595734 1.675739 2.383481 46.453316
450 52.984173 83.333595 1.953844 2.664878 18.634344
452 54.325245 83.978134 1.503452 2.504963 26.204470
453 54.235809 83.842415 1.979578 2.305051 22.886124
455 53.917988 83.921753 1.947034 2.030320 10.286613
456 53.197395 83.379791 1.737526 2.201839 39.681755
457 53.667339 83.497841 2.199405 2.623341 16.440943
458 53.658558 83.502289 1.630375 2.799540 63.458920
461 53.407372 83.270454 1.448231 2.199760 27.597813
