%% Trajectory 258
309 16.150080 67.127731 0.715262 2.439191 83.212387
312 17.246592 66.676682 1.533712 3.224340 28.056919
313 17.092232 66.910599 2.266818 2.918769 9.065993
315 17.303589 67.268623 2.218965 2.506466 21.527725
316 17.422228 67.520905 2.471595 2.651847 5.333575
318 16.994501 66.990471 2.865298 2.831168 1.297107
320 17.422663 66.784431 3.235148 2.545769 1.368076
322 17.118418 66.840965 2.511205 2.454454 8.372180
325 17.678072 67.384430 3.598945 3.014493 0.001301
326 17.747856 66.921852 3.633701 2.327414 0.182310
328 17.323835 67.251846 3.545371 2.506632 0.029321
329 17.228846 67.197563 3.442817 2.789525 0.085023
330 17.733610 67.599228 3.714702 2.496835 0.001608
331 17.227341 66.972916 3.564241 2.295475 0.004567
332 17.839754 67.184700 3.080254 2.835336 0.030069
333 17.860039 67.347786 2.625319 2.708180 13.167877
334 18.557371 67.164009 2.624675 2.867446 2.331609
336 18.249062 66.780846 2.621313 2.276662 1.062242
338 18.786972 66.011261 1.698438 2.611483 42.643333
339 18.311623 66.014641 1.706540 3.329257 27.136206
341 19.118694 67.009293 2.365663 2.277758 0.010193
342 18.421743 67.270355 2.109363 2.702204 12.479312
344 18.368702 66.703369 1.183598 2.453447 93.497421
345 18.877153 66.593781 1.860853 2.865378 51.505951
348 18.808466 66.461266 1.808086 2.991604 17.417431
350 18.185652 66.639091 0.963063 3.179206 87.222290
352 18.037130 67.942062 1.143059 2.551131 93.376625
354 18.924829 66.832237 2.010939 3.563307 2.186203
