%% Trajectory 148
147 42.476044 27.843966 0.651608 2.482743 24.103031
149 43.685635 28.805239 0.573859 2.267359 25.525322
151 42.726036 28.179348 0.862007 1.748533 3.206049
152 43.103386 28.433146 1.279089 2.452930 23.977718
153 43.275620 28.351801 0.781387 2.079733 25.529669
155 43.019482 28.226278 1.127729 2.303663 26.514292
156 42.607140 28.252640 1.438721 2.334251 21.948166
157 42.521473 27.964731 1.704840 2.263793 21.970039
158 42.952820 27.932371 1.471317 1.995792 5.007125
159 42.533730 28.198439 1.791454 2.305822 16.876768
160 42.816071 28.510511 1.570867 2.446578 17.334257
161 42.586220 28.211721 1.606001 2.191284 4.222665
162 42.452972 28.107416 1.039591 2.447867 26.450859
163 42.605160 28.155859 1.591593 2.098536 3.393473
164 42.633804 28.095409 2.187548 2.025443 2.018516
165 42.645309 28.058466 1.591268 2.008661 3.816878
166 42.536152 28.210258 2.114626 2.093148 9.227620
167 42.944397 27.833298 2.194077 2.247453 28.162912
168 42.618256 28.150070 2.086661 2.169457 0.348313
169 42.680225 28.108990 2.743015 2.162894 0.013827
170 42.993572 28.072912 2.825331 2.137228 0.116136
171 42.928345 27.978102 3.034455 2.105915 0.004404
172 43.094730 28.008499 2.539960 2.155294 0.323891
173 42.805958 27.875874 2.397067 2.026369 0.340499
174 42.730289 28.229208 2.985510 2.200979 0.010881
175 42.544189 28.242865 2.183185 2.309634 2.120661
177 42.537952 28.136681 2.841137 2.095219 0.005599
178 42.454567 28.186918 2.627683 2.263214 2.663199
179 42.596558 28.273132 3.455049 2.210132 0.000107
180 42.936588 28.207769 3.601219 2.013774 0.000017
181 42.719112 28.101833 3.387228 2.093070 0.403423
182 42.734913 28.164278 3.094614 2.163883 0.011228
183 42.800674 28.262360 3.265208 2.043649 0.000096
184 42.950294 28.268497 2.763802 2.121875 3.178405
185 43.552288 28.279121 2.394380 2.189265 10.067813
186 43.298512 28.301062 1.701669 2.279099 13.403398
187 43.955585 28.319580 1.876737 2.492356 21.012081
188 43.892807 28.307320 2.045228 2.291163 9.467349
189 43.524193 28.538532 2.179866 2.516827 8.918847
190 43.599640 28.636879 1.643567 2.260071 3.383901
191 43.786148 28.628069 2.352164 2.394338 0.254848
192 43.694782 28.080233 2.166010 2.377018 1.594723
193 43.593967 28.576063 1.424488 2.452924 24.457758
194 43.716099 28.197618 1.435400 2.081731 5.261182
195 43.308861 28.144953 2.071641 2.320493 0.591136
196 43.856827 28.430794 2.117635 2.126602 0.018732
197 43.671986 27.916267 1.586511 2.180599 20.430647
198 43.610569 28.309938 1.319187 2.033129 10.204738
199 43.519562 28.367176 1.674420 2.540847 25.480488
200 43.802307 28.404503 1.069263 2.418790 35.093601
201 43.232483 28.226042 0.597930 2.041286 43.333321
202 43.004715 28.369759 1.118204 2.619927 37.024826
203 43.477859 28.457737 1.175795 2.485352 20.587801
206 43.328278 28.368458 1.078226 3.132746 28.860762
207 43.684151 28.091940 0.834293 2.492482 40.760120
209 43.590080 29.100101 0.747269 2.540156 27.933256
