%% Trajectory 174
190 43.370205 60.767502 0.909890 2.239164 26.516088
192 43.294346 60.695801 0.782286 2.626650 31.595713
194 43.598221 59.652042 0.799975 2.866034 27.119329
196 43.808155 60.411926 0.936398 2.557222 22.005213
197 43.410320 60.831959 1.389402 2.385256 45.252438
198 44.133202 60.947456 0.948387 2.220702 23.124559
199 44.020031 60.323467 1.510645 2.442812 29.108522
200 43.655331 60.489971 1.616664 2.492054 14.894403
202 43.093063 61.173077 1.165474 3.031597 44.357243
204 43.191593 60.320972 0.877261 2.824597 77.546249
206 43.643791 59.399807 1.212497 2.683790 43.350182
208 43.818531 59.440620 0.906778 2.411280 32.908676
210 43.972088 60.447208 0.997095 2.656574 22.570206
211 43.651081 60.446758 1.168504 2.429398 33.437122
213 44.351868 59.688927 1.379727 2.476506 16.039772
214 44.237400 59.852291 1.655838 2.556465 11.190766
215 44.193417 60.008018 2.024398 2.261376 0.464252
216 43.922981 59.927776 2.603673 2.385849 0.698826
217 43.799679 60.053040 2.794138 2.290694 0.000672
218 44.240997 59.805325 2.672412 2.285938 2.321927
219 44.255962 59.381451 2.511247 2.393220 0.020892
220 44.401749 59.815250 3.128978 2.223737 0.000008
221 44.094185 59.987907 2.467209 2.462464 0.010359
222 44.117493 59.676243 2.649859 2.445669 0.250132
224 44.309948 59.945526 3.304771 2.161676 0.066014
225 44.165192 59.825935 3.058247 2.285891 6.419731
226 43.762833 59.927376 3.558267 2.294527 0.099622
227 44.071342 59.758068 4.187660 2.085483 0.002513
228 44.501259 59.628143 3.662500 2.428741 0.000024
229 44.145744 59.869144 3.971391 2.199206 0.000000
230 44.149296 59.826214 4.072395 2.258764 0.000000
231 44.302475 59.784393 3.224022 2.140390 0.005328
233 44.277546 59.689430 4.872159 2.445883 0.000000
234 44.053780 59.761486 5.035823 2.245425 0.000000
235 44.303551 59.801147 4.811829 2.225374 0.000000
236 44.322906 59.763077 4.180410 2.302474 0.000000
237 44.365135 59.814526 4.784311 2.318179 0.000000
238 44.243092 59.612560 5.252020 2.240740 0.000000
239 44.284328 59.883526 4.743343 2.211270 0.000000
240 44.234066 59.536766 5.246264 2.301301 0.000000
241 44.203754 59.793240 5.107972 2.124613 0.000000
242 44.218948 59.646191 5.690408 2.418278 0.000000
243 44.391777 59.524036 5.381058 2.407638 0.000000
244 44.265972 59.596390 5.298005 2.281780 0.000000
245 44.273121 59.765503 5.641784 2.195452 0.000000
246 44.266426 59.518913 4.737369 2.385108 0.000000
247 44.107357 59.831150 5.080410 2.241002 0.000000
248 44.237320 59.770355 5.729092 2.252000 0.000000
249 44.121170 59.625843 6.188565 2.107342 0.000000
251 44.116150 59.693924 6.061980 2.303204 0.000000
253 44.223843 59.665340 4.902717 2.195168 0.000000
254 44.021671 59.780006 5.659128 2.098649 0.000000
257 43.291206 59.902214 3.712826 2.213682 0.000000
258 43.318665 60.042133 4.239618 2.328910 0.000000
261 43.300320 59.881756 2.651877 2.316399 0.836105
262 43.372147 60.070869 2.386360 2.135626 1.064794
263 43.606133 59.514984 2.372488 2.602817 0.187421
264 43.411293 59.711029 2.539274 2.546174 0.077966
265 43.550514 59.956512 2.819749 2.187864 0.007615
266 43.461983 60.052364 3.161554 2.403112 0.000001
267 43.711880 59.865604 2.916516 2.516465 1.222958
268 43.781273 60.005665 2.014242 2.313402 0.098908
269 43.821213 60.192314 2.165502 2.546333 10.440119
270 43.864208 59.642860 2.099980 2.468755 0.189059
271 43.822903 59.790821 2.039962 2.266389 1.267061
272 43.874985 60.104149 1.691043 2.512494 19.969309
273 44.358822 59.822754 2.061374 2.616151 15.888504
274 43.659412 60.465290 2.170950 2.789294 2.813110
275 44.032101 60.236088 1.876654 2.396463 9.477733
276 43.912052 60.088413 1.748760 3.146039 19.178673
277 43.931046 59.710442 1.547630 2.641931 29.989086
278 43.758080 59.199512 1.704128 3.050504 18.895693
279 44.276562 59.388443 1.243493 2.558709 71.506638
280 43.793308 59.315567 0.795365 3.116611 59.570301
281 43.939262 59.761497 0.892247 3.178236 64.164360
283 43.695686 59.804638 1.154955 2.784031 34.942379
285 43.881943 59.538815 0.800526 2.114083 43.253345
