%% Trajectory 152
152 35.087208 43.579796 0.896478 2.079923 37.655426
154 34.524460 43.709316 0.879800 2.275811 24.806725
156 34.565041 43.082912 0.930892 1.955746 9.450732
157 34.439426 43.764740 1.087066 2.184637 18.269650
159 34.305870 43.517799 1.073924 2.203004 8.909678
160 34.079288 43.246174 0.757473 1.769516 16.243298
161 34.490486 43.006882 0.630269 1.879327 31.419456
162 34.446030 43.333378 0.988338 1.996190 10.109853
164 34.161430 43.139462 1.213708 2.384554 12.799601
165 34.298466 43.600136 1.069168 2.473808 22.724346
166 34.149109 42.939014 1.309029 2.064663 3.929562
167 34.141914 43.734737 1.826855 2.251931 25.827271
169 33.686886 43.473694 0.970753 2.604570 56.292526
170 34.397972 43.351574 1.470334 2.126838 18.100771
171 34.580345 43.321815 1.754427 2.079179 7.795125
172 34.778118 43.163109 1.249599 2.406925 23.649420
173 34.488270 43.314011 1.094092 2.331690 32.108604
174 34.412769 43.524460 1.169606 2.414573 25.754204
175 34.889111 43.861599 1.583076 1.860309 3.349236
176 34.333580 43.828293 1.680101 2.196025 0.731485
177 34.736763 43.185085 1.494074 1.922675 0.536667
178 34.490547 43.224197 2.032914 2.201526 2.710764
179 34.582542 43.469761 1.911782 2.187487 0.070737
180 34.636299 43.473431 1.980967 2.362858 0.899695
181 34.163795 43.721752 2.534466 2.181443 0.423841
182 34.368645 43.892956 1.895360 2.049336 0.308224
183 34.507465 43.635269 1.750175 2.373283 1.150879
184 34.754395 43.571728 2.197160 2.088633 3.293226
185 34.255447 43.634945 2.091561 2.182330 10.255098
186 34.629276 43.179626 1.908249 2.096220 11.144177
187 34.299881 43.841423 2.057310 2.409841 15.425904
188 34.471420 43.319180 2.365855 2.233376 9.364668
189 34.608334 43.294510 2.386480 2.245108 8.888808
190 34.599007 43.360619 3.017595 2.186158 0.001625
191 34.483913 43.354511 3.242272 2.195575 0.248651
192 34.255135 43.448547 2.935312 2.196669 0.701625
193 34.543201 43.475262 3.220811 2.394487 0.000002
194 34.586842 43.406433 2.738616 2.312212 0.003910
195 34.375362 43.558422 3.093705 2.392121 0.083624
196 34.379318 43.501183 3.693693 2.347340 0.000050
197 34.611153 43.296257 3.378160 2.217727 0.000002
198 34.381451 43.416271 3.048191 2.534006 0.000002
199 34.390102 43.446068 3.120395 2.362219 0.000429
200 34.422680 43.462231 2.638274 2.320093 0.075427
201 34.400818 43.425404 3.113537 2.413008 0.000000
202 34.534012 43.677151 2.425691 2.265203 0.002065
203 34.237392 43.682655 3.310527 2.173512 0.000000
204 34.357121 43.524490 3.336352 2.308730 0.000000
205 34.542702 43.607601 3.373369 2.221943 0.000000
206 34.573677 43.552616 3.600705 2.203502 0.000000
207 34.313320 43.541767 4.165637 2.285346 0.000000
209 34.626385 43.598083 3.071794 2.394612 0.000000
210 34.521904 43.333370 3.370196 2.304139 0.000008
211 34.670471 43.644360 3.403223 2.211532 0.000003
212 34.629894 43.575768 4.069924 2.340557 0.000000
213 34.748688 43.582817 4.127888 2.246017 0.000000
214 34.547649 43.489288 4.585893 2.462306 0.000000
215 34.603146 43.680412 3.820241 2.112186 0.000001
216 34.497993 43.600170 3.399652 2.368821 0.668931
218 34.437443 43.429623 5.129968 2.330373 0.000000
219 34.376110 43.656334 4.607162 2.337527 0.000000
220 34.672039 43.616463 5.451090 2.212395 0.000000
221 34.522331 43.683781 5.826258 2.350471 0.000000
222 34.312038 43.955540 3.561298 2.453315 0.249923
223 34.357662 44.296391 2.804519 2.269894 0.014796
224 34.176914 44.208866 2.257982 2.197282 0.071277
226 33.959656 44.633492 2.551540 2.259363 0.359078
227 34.191940 44.714851 2.873051 2.235617 0.002516
228 34.407047 44.996044 2.072778 2.038103 0.261158
230 34.289459 44.709949 2.099127 2.470898 9.787117
231 33.935619 45.225834 1.972136 2.322605 0.031562
232 34.001301 45.207119 1.573363 2.771875 21.240614
233 34.441296 44.974876 1.994673 2.423369 0.935950
235 34.440735 45.217278 1.130562 2.401644 36.263058
236 34.062878 45.113503 1.544371 2.343399 5.479911
237 33.809189 44.805153 1.530847 3.058868 6.065264
239 33.798729 44.436447 0.813156 3.224007 46.570461
