%% Trajectory 49
62 95.041801 46.714085 1.841430 2.196321 11.267435
63 94.875717 47.313766 1.603320 2.326782 21.078524
65 94.636436 47.244488 2.057705 2.565946 14.880630
66 94.832825 46.923492 1.408678 2.106708 13.602506
67 95.211617 46.681549 1.631130 2.371360 20.153511
68 94.973099 47.140141 2.248382 2.244840 12.618564
69 95.010307 47.205547 2.005236 2.261729 2.130831
70 94.993439 46.948982 2.490926 2.241410 9.480700
71 94.989624 47.228973 1.930223 2.320535 40.566212
72 94.954308 46.993229 2.057718 2.372991 26.889828
73 95.006325 47.056931 1.691908 2.372971 40.491337
74 95.196236 46.833996 1.971787 2.145926 22.724287
75 95.103447 47.138954 2.209535 2.163179 2.728325
76 95.346481 47.183220 2.154800 2.266871 16.272963
77 95.094826 46.960110 1.766188 2.326176 32.150864
78 94.873680 46.677788 1.960863 2.332225 21.858995
79 94.865593 46.708401 2.872600 2.152508 1.628930
80 94.994232 46.965569 2.812830 2.084903 4.392734
81 95.188446 46.878254 2.613529 1.979956 3.415028
82 94.975212 46.820145 3.466573 2.054713 2.143280
83 95.067772 46.992325 3.375873 1.985232 4.786871
84 95.254440 46.938877 3.506279 2.067991 5.918194
85 94.910774 47.114235 3.617669 2.273104 2.114313
86 94.793419 46.872753 2.904175 2.094397 2.966311
88 94.458153 46.957127 2.141152 2.253421 11.398088
89 94.043945 46.988441 2.090730 2.098235 7.804722
90 94.387558 46.686893 1.920267 2.356972 7.928825
91 94.251007 46.530777 1.619276 2.167783 16.338444
93 94.338257 46.583569 2.257126 2.339775 16.266125
94 93.863388 46.696251 2.102907 2.264652 2.280786
95 94.184311 47.170189 1.623608 2.216668 7.518060
96 94.149078 46.700165 2.203200 2.157122 0.775262
97 94.322540 46.460091 1.857731 2.459563 11.462333
98 94.249718 46.410492 1.901134 2.238948 0.692908
99 94.336418 46.678017 1.162090 2.418259 20.383028
100 94.411674 46.426224 1.147003 2.448052 42.613800
101 93.845062 46.368343 1.686642 2.184915 24.199472
102 93.914421 46.204967 1.232321 2.154277 43.681007
104 93.942726 46.126694 1.102685 2.554375 22.405159
105 94.300507 46.974495 1.317918 2.648936 40.858494
107 93.897743 46.750015 1.062343 1.955058 17.261549
109 93.922470 46.926003 1.423814 2.424337 40.171146
111 93.863144 46.568882 1.393807 2.468836 31.388250
112 94.415527 46.428925 1.317254 2.552401 35.057865
114 93.837097 47.050072 1.294892 2.100652 21.987314
116 94.367325 46.383141 0.898591 2.533461 61.688461
117 93.882210 46.811665 1.381014 2.243018 34.942650
118 93.823509 46.967361 1.644184 2.103686 22.202211
119 93.625336 46.872765 1.660887 2.810180 9.700247
121 93.745056 47.360619 1.199059 2.914205 43.387890
122 94.094223 47.360508 1.017995 2.678612 61.728695
123 94.144936 46.578175 1.025126 2.636108 36.437088
124 93.919472 46.606792 0.921727 2.451751 62.868149
125 94.729980 46.916512 0.957213 2.574266 35.488823
