%% Trajectory 52
67 90.159752 64.155472 0.945076 2.298579 20.144403
68 90.231384 64.335701 1.527166 2.200131 23.959591
69 89.974663 64.244545 1.305521 2.474288 32.159626
70 90.658272 64.140007 1.411397 2.513335 33.148472
71 90.739403 64.194695 1.829141 2.139881 37.156788
72 90.279549 64.274078 2.287222 2.264963 30.638918
73 90.617989 64.079605 1.458751 2.505129 55.215679
74 90.484451 64.121086 1.842922 2.528649 32.534004
75 90.698357 64.516975 1.462195 2.305722 48.682430
77 90.119385 64.520996 1.721618 2.251709 29.186401
78 90.425560 64.233994 1.875264 2.488858 29.607195
79 90.565788 64.037148 2.382682 2.617309 2.555598
80 90.566528 64.060722 2.458585 2.448192 4.401110
81 90.658783 64.638725 2.542371 2.534364 6.434132
82 90.388184 64.434074 2.975814 2.454898 2.166550
83 90.271324 64.441055 3.323926 2.472681 4.787152
84 90.460281 64.377472 3.458668 2.510242 5.918195
85 90.639496 64.476532 3.027593 2.508738 2.123846
86 90.691368 64.264740 3.230970 2.573156 2.966165
87 90.444702 64.245178 3.361148 2.632632 0.000006
88 90.288918 64.340393 3.158785 2.578697 0.065596
89 90.700020 64.228828 3.099699 2.311941 0.079958
90 90.659378 64.207726 2.897179 2.433727 0.131985
91 90.490944 64.138260 3.366874 2.473619 0.000003
92 90.348755 64.092651 3.743989 2.329761 0.003272
93 90.520691 64.110947 3.959479 2.576614 0.000006
94 90.334000 64.012581 4.555520 2.460088 0.000000
95 90.316986 63.978401 3.939329 2.385459 0.000003
96 89.927338 64.037872 3.367262 2.373621 0.014376
97 89.673698 64.145050 3.091023 2.229696 0.006214
98 89.650185 63.985420 3.239283 2.475881 0.001559
99 89.484512 63.770370 2.510298 2.583374 1.371462
100 89.402863 63.620777 2.542610 2.519096 0.149930
101 89.499275 63.356529 3.002954 2.337642 0.002640
102 89.242096 63.626934 2.280624 2.370193 1.640308
103 89.735756 63.717525 2.545858 2.356005 7.717510
104 89.994537 63.876915 3.339218 2.396543 0.000008
105 89.917366 63.976746 2.600565 2.102567 0.001451
107 89.749908 63.350227 2.255615 2.316767 3.596293
108 90.223122 63.426277 1.822598 2.476789 12.092625
110 89.507538 64.157333 1.413855 2.217118 41.935768
111 89.377472 63.716869 1.946816 2.649918 15.330778
112 89.853203 63.780392 1.729028 1.969608 1.618337
113 89.292274 63.857403 1.640666 2.011250 5.665683
114 89.158516 63.564465 0.860967 2.421834 60.379890
116 89.661278 64.113388 1.366562 2.217077 22.487673
117 88.882935 64.223396 1.794796 2.210035 24.926218
118 89.062805 64.087929 1.308831 2.407727 16.146105
119 89.130417 63.972515 1.992468 1.936272 10.454361
120 89.532310 63.610401 1.735829 2.360275 6.783693
121 89.510765 64.110855 1.397874 2.419988 22.468836
122 90.093719 63.955006 0.964197 2.658787 64.808258
124 89.167404 63.688095 0.943834 2.438218 62.874187
126 89.920036 63.406464 0.969673 2.319260 57.154488
127 89.413574 63.229652 1.098461 2.320390 33.718201
130 89.984657 62.773247 1.059906 2.790622 29.189768
