%% Trajectory 256
363 90.764397 39.239433 0.583576 1.972812 42.073193
366 90.615105 39.919243 1.203289 2.084926 20.171368
367 90.636665 39.190105 1.658072 2.327002 8.538514
369 90.672913 39.887455 1.499901 2.389584 29.278185
370 90.646774 39.328964 1.491048 2.085047 45.281704
372 90.430099 39.291142 1.459641 2.406248 18.946466
373 90.789322 39.642414 1.120239 2.515615 13.692045
374 90.514404 39.191975 1.385843 2.479588 33.825371
375 90.284302 39.196423 1.382230 2.530857 14.255574
376 90.918640 39.718685 1.280584 2.257616 29.224337
377 90.356750 39.680138 1.960403 2.412091 7.664742
378 90.957115 39.912792 1.495729 2.404840 5.562985
379 90.972763 39.310162 2.154875 2.340559 5.190475
381 90.686600 39.612213 3.073818 2.393973 20.220341
382 90.740746 39.785545 2.622820 2.326332 4.008417
383 90.722183 39.740402 2.800707 2.268220 0.535924
384 90.662460 39.727711 3.076574 2.136321 0.282425
385 90.708946 39.844387 3.119957 2.251344 1.165777
386 90.502960 39.702763 2.688990 2.519617 1.189539
387 90.593307 39.731236 2.482470 2.485440 0.046940
388 90.523232 39.785179 2.003189 2.524776 3.165230
389 90.591797 39.518967 2.671774 2.520156 0.707927
390 90.787392 39.885597 2.660271 2.239005 0.064042
391 90.435204 39.739105 2.883059 2.314384 5.935248
392 90.627800 39.402893 3.148163 2.265687 0.004453
393 90.458725 39.634228 4.000058 2.335972 0.003201
394 90.508644 39.743870 3.358828 2.262304 0.198467
395 90.503662 39.665470 4.267732 2.459674 0.968549
396 90.623199 39.678871 4.516085 2.260332 0.615909
397 90.530693 39.611298 4.088324 2.351594 2.715710
398 90.600304 39.636246 3.655560 2.252868 0.173683
399 90.680923 39.751804 3.690687 2.091308 3.840793
400 90.474266 39.788448 3.839823 2.243786 19.417103
401 90.506088 39.877201 3.995764 2.239751 16.510595
402 90.551262 39.718914 4.328404 2.364172 3.350709
403 90.348740 39.799088 4.324331 2.272041 0.246703
404 90.274849 40.072407 4.151781 2.231154 0.000037
405 90.139679 40.156792 3.413217 2.355267 1.876178
406 90.091408 40.300117 3.814003 2.415756 0.000177
407 90.114372 40.112705 3.124850 2.027797 1.457832
408 90.415497 40.032135 2.293039 2.392578 17.832516
409 89.994507 39.726971 2.121615 2.680683 19.607244
410 89.906395 39.881207 1.371403 2.298061 31.167141
411 89.942177 39.926506 1.797797 2.472137 42.998154
412 89.904465 39.790413 1.892310 2.156230 16.754953
413 89.378571 39.626537 1.535979 2.827845 32.582653
415 89.835785 39.850922 1.009183 2.271660 73.132050
417 89.614204 40.098473 1.254297 2.533355 45.031750
418 90.275879 40.560158 1.015469 2.182570 47.427044
420 89.840157 40.246548 1.613436 2.363726 26.970430
422 90.428055 40.121872 1.298518 2.324030 8.527288
424 90.051720 39.844276 1.654312 2.183107 27.786451
425 89.913185 40.114380 1.706723 2.440378 10.385891
427 90.054878 40.081989 1.993244 2.518024 11.975492
428 90.072510 40.020683 1.773881 2.110271 18.229633
430 89.856621 41.090511 1.345563 2.494825 48.944801
432 90.126930 39.816818 1.027216 2.526431 62.773682
434 89.864647 40.159901 1.179945 2.168200 25.429007
437 89.830940 40.022903 1.181880 1.972119 41.847111
438 89.854668 39.671146 1.082354 2.377575 31.121149
