%% Trajectory 22
13 57.018127 42.967010 0.672535 1.896431 16.385809
16 59.198246 42.512470 0.786561 2.682157 95.561104
18 58.525074 43.434597 1.136212 2.656235 43.757690
20 57.808281 43.427181 1.344890 2.301554 41.133633
23 58.293056 43.591961 0.767374 2.258543 98.300278
24 58.524857 42.984940 1.181479 2.540538 43.200050
26 58.530560 43.210537 1.817179 2.558754 4.784191
27 58.185799 43.956242 1.466840 2.252408 13.477599
28 58.346481 43.713917 1.280207 2.946719 25.704000
29 58.207664 44.207802 1.518501 2.430038 30.856659
30 58.737591 43.478550 1.490951 2.834527 14.642873
31 58.071518 43.639957 1.711045 2.542567 30.398138
32 58.196465 43.338776 1.640027 2.560833 12.173402
33 58.205303 43.220665 1.563094 2.769445 33.554600
34 57.837143 43.106129 1.824101 2.540038 25.573009
35 57.979244 43.499783 1.977823 2.590103 27.755301
36 58.214733 43.677212 2.626918 2.567240 11.195300
37 58.010693 43.443184 2.546402 2.153883 4.645001
38 58.088825 43.403629 2.380210 2.344143 4.506791
39 58.464798 43.520748 2.264625 2.705435 13.202146
40 58.471363 43.365227 2.424235 2.605452 15.729709
41 57.987576 43.409908 2.494288 2.541201 15.481622
42 58.189072 43.693436 3.089120 2.646674 2.174695
43 58.282829 43.646038 2.602693 2.375578 15.280299
44 57.838219 43.427040 2.031725 2.483214 20.864658
45 58.534016 43.957371 1.976225 2.361956 11.285325
46 58.298084 43.747322 1.936629 2.323065 10.772179
47 58.560814 44.164291 1.280450 2.662551 28.604191
48 58.878674 44.416870 1.572049 2.942877 14.226007
50 59.039215 44.453697 1.976648 2.743106 14.474590
51 58.536114 43.942375 1.483865 3.045568 1.166396
52 58.658352 43.899055 1.815713 2.708507 15.066387
53 59.160118 44.070099 1.798438 2.431969 15.170794
54 58.622322 43.856823 1.482167 2.160714 20.433271
55 58.914890 44.469204 1.663787 2.531503 19.865332
56 58.442867 44.919930 1.258545 2.829901 25.170795
57 57.956490 45.164524 1.655473 2.888494 4.966234
59 58.879017 44.456001 1.587214 2.577964 19.282654
60 58.562393 43.804565 1.451786 2.600457 23.958727
61 58.519299 44.022644 2.074700 2.127047 0.698134
62 58.253323 44.262199 1.525131 2.220611 20.722479
63 58.012321 44.922424 1.325500 2.662390 32.605652
65 58.927647 44.299400 1.259034 2.178341 27.203793
66 58.526489 44.630249 1.285583 2.673392 35.883965
67 57.887150 44.474861 1.857794 2.511645 17.919462
69 58.295273 44.481892 1.200311 2.333575 32.333649
70 58.042065 44.421139 1.417205 2.171728 35.369228
71 58.401993 43.996731 1.720024 2.083563 30.954996
72 58.278652 44.189266 2.272807 2.202296 28.921181
73 58.272053 44.110237 1.346078 2.300087 37.912689
75 58.493240 44.123856 1.459415 2.167831 43.295151
76 58.471928 44.107738 1.355766 2.358215 11.543109
77 58.309597 44.640186 1.723057 2.633128 36.916695
78 57.974743 44.670200 1.342142 2.741513 29.244640
79 58.536045 44.579273 1.510004 2.424074 12.863593
80 58.422676 44.855869 0.924114 2.281264 27.649574
82 57.881821 44.518955 1.116088 2.731032 1.134027
84 58.924026 44.799683 0.974843 2.792700 30.494177
87 58.730854 44.834076 1.395238 2.584442 54.559258
88 58.098965 44.924038 1.439417 2.700583 20.538675
91 58.554020 45.027988 1.308138 2.358974 32.294010
92 57.771023 44.851574 1.237358 2.003573 19.182278
94 57.873550 45.687370 1.450541 2.362338 16.869125
96 58.502029 45.904518 1.028680 2.224171 14.798615
97 58.353271 46.121487 1.559742 2.625009 24.351635
99 57.977234 45.389450 1.294863 2.455795 20.113655
101 58.247414 46.419163 1.471346 2.331725 34.742046
102 58.130871 46.381310 1.256054 2.330171 66.723953
104 58.480007 47.065533 1.099562 2.977001 22.107038
