%% Trajectory 159
211 62.948708 40.066711 0.995208 2.508315 28.542547
212 63.145000 40.214512 1.077323 1.833004 31.868740
214 62.329678 41.124729 1.189081 2.877902 16.387377
217 62.753849 40.269043 1.136014 1.880009 3.459448
218 63.093552 40.540138 1.516812 2.575817 25.208164
221 63.581455 40.275726 1.024424 2.241261 15.523704
224 62.873993 40.883492 1.215561 2.732422 34.636333
225 63.119434 40.447788 1.239390 2.593571 48.913815
228 63.441212 40.301365 1.480389 2.872821 11.841968
230 63.225941 39.953796 1.907653 2.029373 10.858146
233 62.734539 40.141060 2.227083 2.242428 8.303364
234 63.233070 40.199718 2.307177 2.137531 5.531177
236 63.268475 39.883926 3.010005 2.030995 6.829295
237 63.300690 40.069519 2.940075 2.205509 17.312788
238 63.256653 40.073563 2.965494 2.257520 10.937697
239 63.206909 39.851658 3.571572 2.218564 6.273879
240 62.977524 39.823143 2.800517 2.202249 1.080640
241 63.202862 40.041691 3.220270 2.747534 13.879443
243 63.305641 40.227192 3.798562 2.452060 2.917329
244 63.181107 40.220524 4.564006 2.501620 6.198011
245 63.386238 40.116329 4.279473 2.367593 8.028869
246 63.214764 40.231346 4.835259 2.466568 0.009032
247 63.383484 39.835873 5.045109 2.423579 0.000001
248 63.173252 40.006195 5.428604 2.254042 0.030130
249 63.265854 40.366451 4.541916 2.430966 21.726801
250 63.254295 40.102879 5.073008 2.248018 0.000794
251 63.100376 40.274403 5.627415 2.443360 0.000008
252 63.287792 40.075302 5.608773 2.199873 0.000000
253 63.357483 40.180195 5.858984 2.430334 0.000000
254 63.237522 40.219746 6.670428 2.256966 0.000000
256 63.412407 40.210117 6.557212 2.459605 0.000000
257 63.173370 40.222401 6.848887 2.379844 0.000000
258 63.473991 40.001656 6.200912 2.591433 0.000000
260 63.269154 40.304333 7.939154 2.464102 0.000000
261 63.322712 40.241890 7.017013 2.463584 0.000000
263 63.204903 40.151001 8.317768 2.229753 0.000000
264 63.354206 40.259705 8.070580 2.453366 0.000000
265 63.412872 40.305725 8.292573 2.488858 0.000000
267 63.555893 40.385628 7.897791 2.682351 0.000000
268 63.100048 40.501938 5.026473 2.910553 0.000000
269 63.246975 40.651699 5.826036 2.529944 0.000000
271 63.948490 40.773853 4.141683 2.610894 6.959461
272 64.122116 40.701477 3.362037 2.231932 12.678802
274 63.768776 40.870731 4.054882 2.413393 0.045733
276 63.537621 40.994152 2.472779 2.536613 2.061260
277 63.583767 40.867611 2.823675 2.744606 6.057861
278 63.716156 40.550949 2.681386 2.690984 9.330311
279 64.006905 40.057026 2.501396 2.346869 24.027691
281 65.044182 40.901375 2.089572 2.838408 30.952335
283 64.693001 40.914688 1.648113 2.454311 11.930634
285 64.675224 40.268063 2.614387 2.117330 0.070367
287 64.880554 40.378777 2.307025 2.430029 8.622320
289 64.832092 40.368244 1.184309 2.862693 64.765549
290 64.767349 40.395554 1.656138 2.182938 27.709690
291 63.951782 40.339539 1.875085 2.678364 27.911505
292 63.683376 40.405506 1.948083 2.708771 17.544941
294 63.727119 40.454647 0.972979 2.562101 44.941742
297 64.381081 40.494099 0.995870 2.327341 50.025448
299 65.405777 40.755657 1.238145 2.767537 0.870380
