%% Trajectory 78
106 24.326954 57.924824 0.954458 2.741169 49.767883
108 24.123142 57.325611 1.053280 2.590514 77.888748
110 23.953051 56.901039 0.992361 2.031943 52.475136
111 23.866747 56.455021 0.832526 2.486308 18.284458
112 24.022673 56.561924 0.962363 2.532222 44.840385
113 23.639086 56.836418 1.306306 2.912563 29.893513
114 24.269909 56.936050 1.253227 2.402110 44.015919
115 24.304222 57.151077 1.503951 2.316615 44.709305
116 24.169565 57.219345 1.227555 2.293713 34.440250
117 23.484995 56.603905 1.222467 2.602779 53.198807
119 23.962551 56.874992 1.898685 2.283781 17.305578
120 23.943659 57.164932 2.198831 2.275802 12.805192
121 24.122150 56.749771 2.311727 2.305198 2.544069
122 23.824266 56.983139 1.796517 2.371505 13.676205
123 24.091703 57.040649 2.228545 2.253698 6.930354
124 23.984201 57.160645 2.775790 2.126992 0.580202
125 23.902849 57.142307 3.188602 2.315652 0.659596
126 24.147905 57.022488 2.550464 2.178971 3.318913
127 24.048000 57.104233 2.584953 2.200862 2.556383
128 24.204210 56.878880 2.515781 2.108537 13.660885
129 24.052963 57.007965 2.858684 2.112473 3.220748
130 23.901566 56.970612 2.890368 1.994494 1.763033
132 24.234768 56.941216 2.575046 2.262299 4.832661
133 24.198908 56.652691 2.618050 2.316023 10.730005
134 24.072676 56.502991 2.681950 2.352857 0.317472
135 24.099451 56.817310 2.548739 2.405000 0.000448
136 24.330534 56.895412 2.958845 2.492981 0.000882
137 24.237171 57.073410 2.495860 2.394988 0.000638
138 23.932102 56.935379 3.041003 2.192028 0.000001
139 23.969995 56.769482 2.774767 2.251517 0.004595
140 24.072208 57.018391 2.789343 2.026382 1.678134
141 24.084560 56.850033 3.286221 2.229172 0.000005
142 24.085871 56.967220 3.582010 2.168815 0.000035
143 23.891485 56.710014 2.796954 2.161709 9.801662
144 23.953747 56.875221 3.543151 2.339694 0.000116
145 23.959581 56.910366 3.230142 2.226192 0.001140
146 24.111973 56.509369 2.891371 2.126650 0.233286
147 24.037077 56.936749 3.279407 2.277780 0.000135
148 23.957645 56.722950 3.208636 2.081950 8.664498
149 23.808981 56.817024 2.833070 2.152183 12.890068
150 24.319580 56.822662 2.242113 2.364013 1.842333
151 23.991154 56.888775 3.151164 2.328851 11.371097
152 23.897924 57.039089 2.441636 2.426619 0.478270
153 24.334154 56.666286 2.232819 2.330640 6.517708
154 23.786032 56.471619 2.487832 2.307481 1.220963
155 23.922705 56.750717 2.786359 2.201183 0.365085
156 23.837320 56.835148 2.676599 2.151705 0.528891
157 24.103769 57.053036 2.537873 2.201560 1.044643
158 24.170012 56.646645 3.013241 2.123075 0.769285
159 24.016769 57.052170 2.304850 2.074842 5.927709
160 23.865732 56.626274 2.558435 2.121438 10.503139
161 23.808769 56.705860 2.215755 2.128632 6.301036
162 24.012106 57.065414 2.304922 2.177919 11.910046
163 23.996624 56.835209 1.744500 2.250076 10.822028
164 24.431118 56.912071 2.177898 2.436171 17.470842
165 24.150723 56.702652 1.995465 2.142685 3.409053
166 23.926176 56.660885 2.409647 2.306870 20.898640
167 24.000334 56.745823 2.375476 2.049127 13.662214
168 24.198305 56.922623 2.778061 2.145404 25.881413
169 23.765820 56.825172 2.993789 2.380599 30.292753
170 24.098995 56.759319 2.571659 2.425413 24.569576
171 23.802504 56.877094 2.252488 2.085407 20.823400
172 24.415838 57.032894 2.425796 2.258277 5.821599
173 24.133247 56.995399 2.631571 2.405685 3.499007
174 23.861284 56.780750 2.842396 2.018356 2.326125
175 23.741934 56.927757 2.168661 2.297107 9.407191
176 24.137962 56.935440 2.139335 2.250597 18.978680
177 24.145479 56.938946 2.025414 2.074248 5.854974
178 23.712788 57.151215 2.740171 2.328695 16.695395
179 23.740660 56.513760 2.232002 2.317213 14.164666
180 23.862413 57.052738 2.690122 2.127975 23.908442
181 24.222433 56.621780 2.437353 2.271508 13.254282
182 23.680986 56.811314 1.818325 2.183965 12.893679
183 24.049555 57.179680 2.381449 2.208136 10.004266
184 23.896469 56.535553 2.238560 2.583232 16.503723
185 24.093975 56.977165 2.240879 2.221007 20.908346
186 24.204626 56.944729 2.652328 2.077469 17.446560
187 24.257439 56.787643 2.324297 2.056619 16.943291
188 24.059837 56.510719 1.974100 2.280975 14.065331
189 23.986935 56.622036 1.883854 1.958457 3.313238
190 24.053026 56.843651 2.456769 2.301539 0.053062
191 24.081652 57.073013 2.200098 2.063520 0.957786
192 24.413418 56.825844 2.466565 2.057389 15.868722
193 24.167728 56.843342 2.437339 2.067558 2.397518
