%% Trajectory 40
44 11.772191 69.011536 1.067659 2.297303 25.754642
45 11.773941 68.292175 1.079135 2.093994 14.091690
46 11.430672 68.027100 1.642785 2.069828 7.651323
47 11.813878 68.236343 1.600229 2.474154 20.932489
49 11.621227 68.316505 1.556451 2.850293 1.068301
50 11.931520 68.205040 1.682994 2.744153 16.515997
51 11.771925 68.593086 2.229060 2.426203 14.163199
52 12.059675 68.198471 1.994699 2.614700 15.737614
53 11.433220 68.094536 2.221944 2.496753 19.684107
54 12.049835 67.820496 2.015008 2.435938 6.475434
55 11.926989 68.357620 2.361576 2.618235 2.142787
56 11.875904 68.346519 2.149738 2.510240 18.786182
57 12.162143 68.359863 2.587109 2.931343 9.788693
58 11.837919 68.330566 2.468458 2.567322 5.059986
59 11.854185 68.506050 2.453754 2.591252 1.061677
60 11.922888 68.516853 2.840493 2.633527 5.383772
61 11.922647 68.411552 3.120737 2.522994 5.271229
62 11.726944 68.200569 2.730349 2.389973 10.656092
63 11.457786 68.222031 1.893777 2.587229 15.156989
64 11.862485 68.312508 2.269577 2.539741 16.944046
65 11.978255 68.358742 2.013955 2.425894 15.382960
66 12.091175 68.294754 2.541050 2.532851 0.561565
68 12.865996 68.395767 1.613908 3.051769 30.099209
69 12.944418 68.481552 1.310870 3.189262 6.159662
71 12.256104 68.445663 1.900126 2.515044 36.828552
73 13.123624 68.642570 1.525689 3.300279 9.784019
74 13.930471 68.300941 1.448499 3.007957 11.618011
