%% Trajectory 70
78 74.910080 25.506544 0.493418 2.206268 79.497002
81 73.682533 24.715748 0.786446 2.307106 85.809029
83 75.024445 24.129473 0.695685 2.734091 86.728714
84 74.344017 24.232759 0.776820 2.602934 83.811630
85 73.795242 24.807034 1.338238 2.499769 27.985287
86 74.481743 24.809439 1.217581 2.430809 38.752041
87 74.585724 25.003405 1.492708 2.483512 12.446384
88 74.257973 24.183016 1.546337 2.166162 14.057205
89 73.936584 24.740559 2.151919 2.352737 8.650032
90 73.967590 24.534367 2.112499 2.280061 0.303443
91 74.217743 24.661077 2.258433 2.132153 0.315440
92 74.286499 24.592865 1.932660 2.137271 13.777262
93 73.960487 24.631706 2.713278 2.551139 0.046158
94 74.093201 24.791655 2.456460 2.188887 0.042768
95 74.177231 24.547333 2.650523 2.169461 0.717857
96 74.002899 24.552391 3.249762 2.187225 0.768994
97 74.047890 24.648800 3.403850 2.033058 0.000074
98 73.916199 24.442318 4.085423 2.263473 0.000000
99 74.153069 24.642649 3.404259 2.249545 0.000261
100 73.958389 24.743374 3.519520 2.085100 0.062856
101 74.109512 24.534969 3.570119 2.207040 0.361062
102 74.169075 24.648401 4.044322 2.199240 0.040597
103 74.174721 24.570076 4.237991 2.178704 0.000001
104 74.160110 24.657938 4.066146 2.374562 0.000002
105 74.030777 24.587784 4.770954 2.357354 0.000000
106 74.110016 24.710413 4.716864 2.081273 0.000000
107 74.171951 24.743235 5.455310 2.273349 0.000000
109 74.041275 24.618898 6.285708 2.188633 0.000000
110 74.045639 24.653049 5.739656 2.047111 0.000000
111 74.037689 24.664700 6.374796 2.078510 0.000000
112 73.963966 24.787201 5.840507 2.182405 0.000003
114 74.133247 24.780716 4.980121 2.203109 0.000011
116 74.085930 24.700819 6.085406 2.205066 0.000000
117 73.951706 24.749504 7.025948 2.100564 0.000000
118 73.974998 24.828463 6.125027 2.228425 0.000000
119 73.878540 24.735228 6.990926 2.135572 0.000000
120 73.953094 24.751123 6.973197 2.194473 0.000000
121 73.973785 24.914928 6.891342 2.226611 0.000000
122 74.042702 24.642822 7.002901 2.119495 0.000000
123 73.934532 24.727295 6.680740 2.103027 0.000000
124 73.839828 25.249348 6.386423 2.135688 0.000000
126 73.656868 25.565958 4.515512 2.257446 0.009857
127 73.966896 25.731203 3.740257 2.291192 1.571365
128 73.606003 25.823483 3.292782 2.072582 2.377894
129 73.179810 25.727001 3.351539 2.048103 0.085412
130 73.417358 25.867556 3.549229 2.246410 4.272311
131 72.985817 25.818596 3.082743 2.180626 8.648703
132 73.150024 25.616798 2.759578 1.967023 7.286320
133 73.161278 25.602047 2.427668 2.349080 22.450277
134 73.049484 25.492306 3.009725 2.340164 4.448919
135 72.918755 25.596462 2.646918 2.343996 7.914126
136 72.736115 25.786472 1.946769 2.420039 19.329163
137 72.737114 25.879271 1.785874 2.324797 2.841799
138 73.016586 25.342178 2.280418 2.311471 21.826670
139 73.139343 26.106955 1.856442 2.218036 5.965573
140 72.860443 26.073490 1.269542 2.339347 20.446251
143 72.649124 26.226639 0.878159 2.043796 15.902560
145 73.377312 25.833933 1.595628 2.667114 26.064600
147 72.610107 26.182821 1.054592 2.233825 0.002538
149 71.608177 25.111410 1.443618 2.624131 29.536263
150 71.373627 25.318914 1.296295 2.599122 10.257951
