%% Trajectory 24
44 19.921881 32.652195 0.853893 2.498042 84.590080
47 20.225723 33.103729 0.883355 2.853598 57.112633
48 20.413225 32.879608 0.696073 2.825079 61.412731
50 19.893749 33.249699 1.895046 2.448729 18.008905
52 19.715929 33.530331 1.689579 2.459348 14.824617
53 20.323061 33.762516 1.600524 2.770175 10.288858
55 19.106405 33.349506 0.865348 2.494543 69.086876
57 19.918806 33.259232 1.429965 2.345047 21.555096
58 19.465206 33.337910 1.787529 2.265232 27.993816
59 19.895958 33.443489 2.087892 2.706021 3.637576
60 19.469372 33.674011 1.853212 2.480555 10.385295
61 19.381283 33.177036 2.277071 2.509742 5.486103
62 19.747345 33.656204 1.668489 2.333733 9.015556
63 19.431313 33.445118 2.176985 2.682640 3.486775
64 19.732821 33.469151 2.185872 2.653642 5.448534
65 19.330585 33.510948 1.788650 2.810363 14.686872
66 19.704918 33.600437 2.156988 2.235070 0.355475
67 19.528931 33.290188 1.709051 2.384233 12.278484
68 19.669155 33.581493 2.529695 2.461282 0.002973
69 19.752705 33.443283 1.982846 2.248574 0.068987
70 19.452513 33.341228 2.434052 2.515530 0.000048
71 19.242502 33.501595 2.524316 2.471515 0.496643
72 19.422018 33.437191 2.596527 2.493387 0.087806
73 19.620369 33.316296 3.107848 2.346997 0.000287
74 19.713520 33.545265 2.474216 2.388132 0.000078
75 19.159721 34.208214 2.064242 2.378050 0.261948
76 19.781460 33.822163 1.708246 2.313476 1.327126
77 20.144497 34.312511 2.038229 2.299791 0.193340
79 19.196320 33.878799 0.955032 2.206944 63.633808
81 20.407032 34.094284 1.047013 2.442075 57.135506
82 21.102230 33.824627 0.923092 2.943724 83.723450
85 20.093512 34.348881 0.972859 2.681553 74.290894
87 19.098215 34.880360 1.328370 3.055285 27.367542
89 21.024103 34.792690 1.110678 3.002916 27.621683
