%% Trajectory 99
119 16.052481 47.618057 1.318005 2.371995 0.000057
122 16.128778 47.770359 1.328464 2.270886 0.447209
123 15.303445 47.745731 1.364094 2.556823 2.818862
124 15.102648 47.516186 1.450081 2.478436 0.190349
126 16.113922 47.657642 1.876460 2.672917 1.105890
127 16.127604 47.650352 2.091340 2.559644 5.253282
128 16.028084 47.388847 2.223053 2.328128 4.086369
129 15.791912 47.250263 2.419225 2.614710 27.735565
130 15.610518 47.054970 2.406523 2.230715 0.684977
131 15.675949 47.581982 2.336406 2.676354 18.829985
132 15.830948 47.279076 2.575081 2.405358 18.828327
133 15.862830 47.247574 2.415259 2.507249 22.508276
134 15.573654 47.157284 2.501563 2.292309 9.472879
136 16.074492 47.078163 3.406735 2.303207 0.000729
137 15.814076 47.385265 2.880882 2.433047 10.276215
138 15.954172 47.283016 2.637044 2.398299 11.444571
139 16.027098 47.267239 3.253617 2.324092 0.275456
140 15.682120 47.203987 3.226575 2.606980 1.821013
141 16.196531 47.383705 3.440829 2.477913 6.917747
142 16.007275 47.260887 3.336210 2.484356 7.972195
143 15.804986 47.228321 3.385637 2.400269 0.161932
144 15.886616 47.108093 3.701777 2.332318 0.005454
145 16.208645 47.397861 3.494977 2.759109 0.013100
146 15.845813 47.435707 3.197153 2.526714 1.981631
147 16.056969 47.364700 3.731251 2.402345 0.039771
148 16.142807 47.061264 3.050915 2.250788 9.734704
149 16.681398 47.011719 2.637797 2.153445 12.244287
150 16.601938 47.180367 2.839723 2.467934 4.566790
152 17.492800 47.196575 2.665182 2.900636 1.024594
153 16.743221 47.240829 2.030393 2.901537 15.130879
154 17.143940 47.325718 2.111195 2.808615 13.072529
155 17.144545 46.989555 2.812576 2.526148 24.443787
156 16.968185 47.278461 2.752577 2.736772 24.762737
157 16.887506 47.296463 2.599369 2.337111 2.170353
158 17.025352 47.508564 2.001981 2.367958 3.550704
159 17.067677 47.132671 1.301088 2.297194 30.959164
160 17.229004 47.393684 1.639592 2.472321 17.335936
161 17.206142 47.674625 1.716367 2.627657 0.198799
162 17.101658 47.869473 1.672645 2.925784 1.083830
165 17.907246 47.324856 1.317281 2.646838 12.950737
