%% Trajectory 131
204 18.935646 52.181557 0.830820 1.997378 28.753138
207 20.049223 51.009083 1.054554 2.651534 66.186943
209 20.337563 52.618214 0.850705 2.879879 41.075462
210 19.595118 52.962269 1.006085 3.065099 59.036171
212 19.354338 52.911659 0.986955 2.173716 38.687019
215 19.832453 52.437241 1.290346 2.622336 24.640636
216 19.293009 52.646847 1.620773 3.220426 6.552187
218 19.115761 51.724018 1.764541 2.744317 20.731178
219 19.133898 51.833748 2.256222 2.787470 0.277076
220 19.323723 52.308197 2.309798 2.805500 0.112777
221 19.043596 52.023865 2.529941 2.259068 0.000065
222 19.126719 51.915131 2.394120 2.687465 3.627374
223 19.351505 51.997028 2.287024 2.423134 0.267844
224 19.062321 52.588409 2.059381 2.766627 0.848313
225 19.050625 52.054688 1.652287 2.752703 12.687958
226 19.127594 51.833664 1.799823 2.465029 14.176190
228 19.152761 52.091881 2.875686 2.489762 0.040890
229 18.940836 51.961987 2.422591 2.215103 1.181515
230 19.673164 52.269047 2.521739 2.696193 0.059102
231 18.969641 51.904160 2.694684 2.497901 0.061617
232 19.034344 51.933254 2.800026 2.493272 0.001920
233 19.005560 52.108257 3.350631 2.411641 0.000000
234 19.346405 52.110676 3.760849 2.725999 0.000000
235 18.939905 52.316010 3.524290 2.406094 0.000000
236 19.224770 52.527817 3.679727 2.766504 0.000000
237 19.087191 52.018448 3.930270 2.505312 0.000013
238 19.113100 51.907806 4.093086 2.319843 0.000000
239 18.870020 52.103603 3.978415 2.445332 0.000000
240 19.205090 52.251827 3.514920 2.489210 0.000050
241 19.181850 51.869232 3.748452 2.560850 0.000008
243 19.248934 51.734253 4.274034 2.082109 0.000008
244 19.606466 51.744442 3.888555 2.317712 0.000000
245 19.587324 51.894985 4.064837 2.278468 0.000000
246 19.655783 51.938232 3.473654 2.215603 0.000425
247 19.577282 51.714790 3.522506 2.268502 0.001061
248 19.386053 51.986771 2.728565 2.415486 0.996557
250 19.850985 51.896034 4.221338 2.316728 0.000000
251 19.570177 52.077168 3.691331 2.374352 0.000000
252 19.458580 52.081326 3.852594 2.216779 0.000000
253 19.764263 52.004467 3.006835 2.195814 0.022840
254 20.009892 52.083279 2.963831 2.397429 10.507490
255 19.934578 52.112156 3.169859 2.183043 0.351106
256 19.707968 51.954094 2.288485 2.297935 7.240967
257 19.833466 51.934120 2.730157 2.126966 14.527084
258 19.740946 52.133480 2.758929 2.396821 2.181041
259 19.803909 52.191578 2.494978 2.318008 20.155848
261 19.159126 52.465893 1.225109 2.615597 37.062664
263 20.141386 52.018974 1.712994 2.522199 11.728407
264 20.081972 52.266644 2.254712 2.585681 12.316203
265 19.870184 52.257313 1.422617 2.698523 12.739594
266 19.341286 51.914249 1.692699 2.176631 8.406438
267 20.150719 51.767868 1.900915 2.641168 3.823214
268 19.900774 52.114201 1.577977 2.871959 0.371304
269 19.844164 52.539375 1.419420 2.994594 7.452561
271 19.921856 52.177917 1.389922 2.902353 17.919083
273 18.763447 51.446823 1.502795 2.358760 2.323281
275 19.619791 51.856911 1.662640 2.822679 2.017656
276 19.924515 52.032600 1.750966 2.472065 13.191304
278 19.908072 52.176342 2.010632 3.186836 7.749227
279 20.297924 52.188564 2.118814 2.826641 7.072632
280 20.614317 52.807758 1.924036 2.968602 1.034039
281 20.709311 52.983082 1.151500 2.685375 30.360868
282 20.863060 53.204586 1.709850 2.934264 6.669854
285 19.933636 52.240425 1.189519 3.050142 13.202875
286 19.182383 51.953259 1.498242 3.468604 6.120250
288 20.128817 52.730831 1.259565 2.933766 50.109634
289 20.117195 52.107231 1.431623 2.176716 13.221832
290 19.484228 52.695286 1.121683 2.514968 5.089298
293 20.282684 54.087219 0.931126 2.429521 15.967974
296 20.831150 53.633896 1.041887 2.693130 46.095322
297 20.027988 53.263981 0.945280 2.663006 18.607246
298 20.181919 52.537563 1.323728 2.791104 17.201302
299 19.741755 52.776409 1.101444 2.352338 24.465057
300 20.067528 53.203773 1.564913 2.336656 12.707593
303 21.059706 53.474594 1.675635 2.442894 10.902778
304 20.332378 52.918087 1.717299 2.666698 10.936295
306 21.121925 52.964088 1.170534 2.487092 6.061329
