%% Trajectory 200
305 16.668358 48.002949 1.098016 3.030701 41.475491
306 16.918081 47.586903 0.874848 2.931485 4.352941
307 16.157576 47.905632 1.254334 3.163092 13.397151
309 15.823183 47.412598 1.222287 2.450161 26.441704
310 16.095385 47.643616 1.014925 2.965332 17.788645
311 15.327718 47.571110 1.050637 2.883498 26.284431
313 16.700758 47.764645 1.997790 2.989561 0.225262
315 15.068280 47.139164 1.568704 2.333627 1.100224
316 15.012424 47.223896 1.632320 2.199762 8.948634
317 14.940651 47.138885 1.651301 2.843011 10.089419
319 14.939467 46.974476 1.601766 1.842920 8.971093
321 15.836313 47.141441 2.546531 2.788013 0.378536
322 15.083301 47.206242 1.970938 2.693151 3.123126
323 14.808563 46.982883 2.605082 2.110955 2.772972
324 15.024441 46.742813 2.977004 2.223208 0.452099
325 15.117208 46.895950 3.074698 2.075400 0.486413
326 15.035962 46.722179 3.184289 2.222281 0.268858
327 15.350828 46.910839 3.295351 1.999241 12.306610
328 15.097914 46.919483 2.710297 2.139471 1.770278
329 15.101529 46.609478 3.597253 2.371792 7.839666
330 14.913396 46.536049 4.499905 2.244006 1.884671
332 15.346375 46.557140 4.174892 2.673927 0.000610
333 15.118934 46.799683 4.119512 2.415685 6.039212
334 15.008409 46.610203 4.516188 2.204795 6.248075
335 15.049536 46.584270 4.310051 2.458154 5.302676
336 15.057430 46.431698 4.915460 2.414994 8.165510
337 15.162213 46.325134 5.157933 2.489829 9.966642
338 15.076567 46.413956 4.981866 2.326253 6.470321
339 15.384259 46.559177 5.137928 2.334967 1.137544
340 15.060070 46.604977 5.359332 2.282935 1.242916
341 15.235806 46.635010 5.399008 2.227897 8.783936
343 15.371733 46.484348 5.464407 2.507684 0.104308
344 15.383318 46.868916 4.828006 2.501430 0.301474
345 15.187265 46.391483 5.077361 2.406791 0.000000
346 15.240417 46.677055 6.009244 2.443230 0.000000
347 15.122991 46.717930 6.244979 2.392232 0.000000
348 14.952299 46.600357 5.343754 2.453535 0.000000
350 15.205914 46.564369 5.797232 2.279323 0.000000
351 15.102396 46.664291 5.499752 2.300616 0.000000
352 15.203352 46.636948 5.740765 2.453276 0.000000
353 15.211104 46.683819 6.189757 2.309049 0.000000
354 15.206024 46.690613 5.585429 2.377744 0.000000
356 14.889193 46.744007 5.713551 2.243662 0.000000
357 15.297766 46.670597 6.498980 2.336402 0.000000
358 15.322505 46.642002 6.058743 2.474529 0.000000
359 15.033470 46.726852 6.753166 2.177473 0.000000
360 15.150870 46.889389 6.224649 2.149884 0.000000
361 14.930070 46.821850 5.652669 2.114451 0.000000
362 14.894644 46.804108 5.668128 2.321761 0.000000
363 15.222948 46.700645 6.262696 2.298236 0.000000
366 15.892121 46.458923 3.676109 2.652486 0.536869
367 15.777377 46.111126 3.544395 2.941757 2.781767
369 16.053444 46.832180 2.238224 2.494079 11.739809
370 16.470455 46.643654 1.930940 2.748121 11.823959
371 15.807083 46.994873 1.628605 2.471280 9.196815
373 15.972278 47.008671 2.126132 2.186717 0.403700
375 16.117287 46.681969 2.079651 2.317110 6.096585
377 15.982491 47.436371 0.993411 2.419712 25.078152
379 16.411572 45.684223 1.146406 2.682661 63.229656
381 16.174974 46.837662 1.836478 3.049793 10.196320
