%% Trajectory 19
124 78.221016 59.591743 1.393726 2.310488 3.035365
125 78.045990 59.658634 1.236725 2.303539 16.437403
126 77.866104 59.424248 1.606425 2.287639 11.509914
127 77.801506 59.422813 0.887126 2.620278 12.997684
128 77.942017 59.638416 1.482307 2.453067 16.271004
129 78.036484 59.521919 1.531307 2.483825 27.551422
130 78.081215 60.103420 1.378487 2.341577 32.066353
131 78.046532 59.707649 1.722248 2.186144 18.916216
132 78.166466 59.651360 1.684062 2.358902 13.509333
133 77.872215 59.766045 2.043636 2.221290 9.534287
134 78.064133 59.396057 1.798784 2.351416 11.754627
135 77.948410 59.831745 2.517803 2.046613 9.412732
136 78.025009 59.598660 1.935524 2.206916 22.297306
137 77.974091 59.727261 2.234464 2.213384 11.781663
138 78.414803 59.829197 1.883414 2.351079 4.165967
139 78.024261 59.892178 2.152796 2.010990 11.317240
140 78.132652 59.955830 1.964812 2.293621 7.668372
141 78.141273 59.758320 2.218951 2.295256 2.736902
142 78.047882 59.712528 2.898327 2.224947 8.145210
143 78.073296 59.756107 2.151716 2.267725 0.127460
144 78.197662 59.846531 2.381202 2.220435 6.356865
145 77.885437 59.608269 2.654978 2.263474 4.680760
146 77.932755 59.596329 2.631725 2.234886 7.853697
147 77.939743 59.800373 3.156169 2.084116 13.248073
148 77.923233 59.649113 2.661426 2.183866 4.160617
149 78.062134 59.730869 2.720235 2.093634 0.026215
150 77.978889 59.603588 2.839881 2.131050 0.228352
151 78.019814 59.607605 3.085610 2.060402 8.820250
152 78.180695 59.585484 2.763128 2.186236 0.054394
153 77.849190 59.556202 3.259646 2.291284 0.407204
154 77.790337 59.657177 3.191617 2.254592 0.135611
155 77.975975 59.708157 2.721007 2.183568 0.000556
156 77.964653 59.743580 2.813783 2.108791 0.012234
157 77.822540 59.791656 3.311453 2.214805 0.061758
158 77.881706 59.604031 2.881653 2.246362 0.143745
159 77.677040 59.431751 2.650383 2.375427 0.037599
160 77.595772 59.609951 2.375674 2.481794 0.052593
161 77.199440 59.620983 1.790230 2.485007 4.907701
162 77.295334 59.632973 2.029821 2.371654 7.485099
163 77.365417 59.299831 2.040136 2.342080 1.884702
164 77.187416 58.842037 1.733366 2.073455 7.026195
165 77.349136 59.249962 1.800568 2.425747 0.281747
166 77.176949 59.396927 1.824796 2.349633 4.248068
167 77.194031 59.175827 1.970566 2.062290 1.146708
168 77.267151 59.105312 1.756574 2.259776 6.056620
169 77.561043 58.875298 1.897764 2.290188 6.282500
170 77.760162 58.721691 1.144914 2.195096 0.253995
171 77.153305 58.747086 1.656785 2.306247 12.580873
172 77.442574 58.646835 1.310309 2.180941 14.477564
173 77.264183 59.018742 1.507955 2.229080 8.544830
174 77.600494 59.188374 1.085132 2.154386 19.298431
176 77.358864 59.163700 1.195707 2.412777 41.617485
177 77.933434 58.891201 0.832557 2.104148 5.785524
180 77.388878 58.579906 0.879021 2.399231 18.919336
181 77.525345 58.643124 0.908168 2.552854 29.825174
182 76.637489 58.728836 1.142099 2.583026 21.253273
183 77.355354 59.013859 1.275551 2.280375 33.470387
184 77.116692 58.868053 1.196919 2.830965 15.694102
