%% Trajectory 36
189 77.731277 57.439053 0.717219 2.708575 52.721619
190 77.907448 58.146385 0.840009 2.650857 48.018127
191 78.405594 57.879128 0.909225 2.775167 33.046169
192 78.184303 57.648327 1.153639 2.118548 22.634697
193 77.711021 57.759575 1.099219 2.338046 22.098198
194 77.811989 57.813107 1.529161 2.162786 3.213200
195 78.032188 57.653687 1.101372 2.001336 30.126854
196 78.128220 57.592567 1.447967 2.427252 8.970679
197 78.220589 57.588810 2.049461 2.181515 0.067864
198 78.077339 57.490055 1.805106 2.322845 0.304243
199 78.022591 57.563961 2.039823 2.238582 0.024270
200 78.482376 57.589848 1.450158 2.469464 8.123309
201 78.100380 57.279541 1.940115 2.008018 1.957163
202 78.011940 57.366154 1.892445 2.369768 1.855247
203 77.956810 57.628471 2.019452 2.264535 0.031456
204 78.033348 57.643429 2.131437 2.023247 0.019257
205 77.966026 57.430607 2.635282 2.158246 0.000076
206 77.927460 57.498325 2.795094 2.226935 0.003217
207 77.998558 57.580387 2.732302 2.221327 0.053298
208 77.941727 57.625278 2.876332 2.256634 0.036955
209 77.964851 57.578358 3.047533 2.299422 0.002462
210 78.186577 57.684082 3.024001 2.155475 0.000001
211 78.038712 57.615070 3.026331 2.132240 0.151150
212 78.112816 57.559105 2.620670 2.287210 0.032794
213 77.951141 57.438404 2.328161 2.401880 1.493098
215 77.893173 57.351929 3.071357 2.169703 0.013959
216 78.012192 57.676517 3.431921 2.136968 0.000000
217 77.987198 57.459667 3.433694 2.202624 0.000075
218 78.042007 57.605110 3.599629 2.102361 0.000000
219 77.942924 57.634037 4.082484 2.224089 0.000000
221 77.791405 57.651840 3.765122 2.139602 0.000000
222 77.865486 57.660641 3.841726 2.263772 0.000000
223 78.070625 57.743610 3.294355 2.253280 0.000000
224 77.920868 57.691681 3.307644 2.138788 0.000000
225 77.839020 57.711929 3.092131 2.187527 0.000000
226 77.291237 57.858177 2.909020 2.245910 0.001034
228 77.145012 57.443192 2.104245 2.275864 2.490150
229 77.314369 57.526451 1.888762 2.202089 0.894205
230 77.016579 57.655113 2.150657 2.070465 0.013621
231 76.839264 57.660812 1.986607 1.991529 0.845908
232 77.059883 57.297451 1.497666 1.925598 1.546171
233 77.445778 57.345680 1.438081 2.378322 14.102119
234 77.566147 57.610035 1.628262 2.591791 4.123661
235 76.987740 57.063263 1.809515 2.125871 0.056775
236 77.249672 57.627869 1.787834 2.487025 0.750000
237 77.264099 57.659706 1.720507 2.536902 2.987850
238 77.336830 57.724621 1.517148 2.310364 3.370819
239 76.951935 57.921104 1.500828 2.098720 5.342816
240 77.094299 57.682587 1.650093 2.263123 2.532083
241 76.799492 58.049133 1.725766 2.146282 0.681829
242 76.871956 57.690147 1.156088 2.575034 19.065474
243 77.076271 57.561993 1.323445 2.328247 7.378311
244 77.698769 58.048130 1.438547 2.307850 6.974145
246 77.133965 57.709724 2.082104 2.168517 0.280206
248 77.247765 58.005802 0.904637 2.150327 27.802942
249 77.688850 58.006214 1.321064 2.221998 4.550707
250 77.583214 58.101025 1.271515 2.406034 22.049299
251 77.393379 58.174629 1.231723 2.311821 20.005133
252 77.405029 57.914436 1.485501 2.165121 11.075290
253 77.083740 58.370930 1.343467 2.640081 11.805221
254 76.573242 58.229439 0.870036 2.575169 26.321945
255 76.690376 58.007763 0.892865 2.390674 45.456192
256 76.841446 58.449104 1.141222 2.354268 26.906387
257 76.809097 58.146992 1.011394 2.152392 22.587982
258 76.871361 58.073841 0.792910 2.372785 20.950033
259 77.053940 58.535137 1.038307 2.552585 39.772343
260 77.012199 58.152500 1.031372 2.282262 15.286777
261 76.724174 58.498001 1.122705 2.414710 18.760433
262 77.289230 58.363991 1.078031 2.307105 20.300993
264 76.388412 57.801880 0.842410 2.725850 49.084606
265 76.145409 58.293739 0.797926 2.597025 11.799361
266 76.716927 58.697891 0.832169 2.568396 27.352419
267 76.687073 58.783661 0.677885 2.478586 22.954994
