%% Trajectory 210
435 48.781727 68.738823 1.393097 2.383476 0.247122
436 48.752888 68.198769 1.083666 2.978439 0.082302
437 48.134953 68.052757 1.629492 2.735180 1.492172
438 48.803577 68.281326 1.782743 2.406687 5.828500
439 48.543533 69.173668 1.645680 2.284747 11.577007
440 48.320889 68.647354 1.287423 2.218054 5.163211
441 48.278732 68.935760 1.238149 2.284317 11.835023
442 48.330406 68.611015 1.307888 2.516905 15.318450
444 48.498898 67.941177 1.543909 2.619740 11.499009
445 48.518063 68.132385 1.519388 2.243395 15.117905
446 48.437115 68.761238 1.355201 2.135858 11.521887
447 48.292145 68.788925 1.801053 2.089466 15.323708
448 48.491543 68.826416 1.904733 2.434838 9.264294
449 48.336201 69.002678 1.876948 2.294730 15.130278
450 48.311161 68.759689 2.134022 2.174040 2.116999
451 48.362274 68.582603 2.091719 2.429652 11.998162
452 48.451134 68.325005 2.032061 2.602564 1.604740
453 48.269211 68.355331 2.424082 2.400667 5.608921
454 48.584591 68.876137 2.608569 2.200285 14.533364
455 48.454739 68.469429 2.168930 2.554438 14.924231
456 48.378048 67.997795 2.504102 2.116655 1.316162
457 48.495117 68.689682 2.466863 2.424301 1.306074
458 48.555779 68.581482 2.467555 2.465512 15.889724
459 48.502048 68.283669 2.366717 2.356264 21.531853
460 48.884022 68.053886 1.555126 2.417586 36.598549
462 49.593338 67.807961 1.300238 2.381609 28.889645
463 49.306595 68.095680 1.172095 2.304177 19.911974
464 49.244854 67.311050 1.136853 2.682281 38.638527
466 49.112484 67.519569 1.049387 2.451454 25.129507
467 48.979477 67.406296 1.236825 2.391358 17.441555
469 49.360081 68.088554 1.081761 2.332632 41.637032
