%% Trajectory 96
260 43.811062 47.941090 0.490121 1.726229 4.313696
261 44.645069 48.152134 0.382738 2.039951 10.025691
264 45.207989 48.504372 1.001439 2.403559 35.751614
266 44.442680 48.128189 1.072822 2.602252 27.982237
267 44.148266 47.932552 1.043954 2.034682 20.535604
268 44.370049 48.269390 1.617423 2.342838 17.068792
269 44.102566 48.345287 1.400623 1.937524 19.266653
270 44.479931 48.125931 1.742693 1.904417 14.751633
271 44.413429 48.211910 1.841915 1.920305 12.076129
272 44.776836 48.399418 1.921707 2.016856 5.758183
273 44.483772 47.904907 1.715621 2.312665 29.096972
274 44.779461 48.255180 2.476228 1.916784 11.400653
275 44.574379 48.174450 2.102582 2.091353 2.077151
276 44.596214 48.392395 1.742878 2.262200 29.435488
277 44.498661 48.297115 2.499195 2.055557 9.692261
278 44.375034 48.166389 2.538065 1.858361 6.660077
279 44.485516 48.029270 2.594398 1.967643 1.274934
280 44.400139 48.045837 2.086056 1.945727 15.830747
281 44.754082 48.247803 2.275623 2.006803 9.958777
282 44.480633 48.154667 2.425606 2.003412 14.237245
283 44.375095 47.893360 1.864940 2.050107 8.551093
284 44.758499 48.214615 2.140888 2.233400 6.395945
285 44.430702 48.506527 2.243015 2.211167 7.840085
286 44.729702 48.741302 2.062109 2.306794 2.763859
287 44.513008 48.296673 2.677873 2.038507 11.826671
288 44.662209 48.169334 2.471596 1.976368 13.162814
289 44.573971 48.133972 2.582085 1.872465 8.662255
290 44.579311 48.372711 2.391898 2.241576 11.008146
291 44.482109 48.345642 2.042464 2.134458 5.408334
292 44.602436 48.121975 2.793396 2.020109 0.839259
293 44.631458 48.487114 2.474865 2.054944 0.335071
294 44.688450 48.339870 3.042261 2.106624 11.965713
295 44.651531 48.348854 2.568501 1.973090 1.397352
296 44.878036 48.215431 2.633390 2.250872 15.235248
297 44.568329 48.235195 3.254131 2.143769 1.736889
298 44.768284 48.378994 3.485857 2.006084 8.048100
299 44.700344 48.423843 2.735477 2.224833 7.648637
300 44.553078 48.337036 3.281566 2.161957 0.010759
301 44.541420 48.365444 3.888755 2.200800 0.001464
302 44.547478 48.268150 4.151484 2.288265 0.000239
303 44.601025 48.235447 3.786389 2.049739 0.000000
304 44.790993 48.174835 3.491487 2.003312 0.000087
305 44.549145 48.245949 3.580792 2.163437 0.000055
306 44.516773 48.216393 3.168603 2.142359 0.018341
307 44.878422 48.535484 3.251429 2.339946 0.000361
308 44.783871 48.162155 3.593946 1.956092 0.000123
309 44.670750 48.075302 3.496382 2.038275 0.001101
311 44.894638 48.058006 3.056049 1.961093 0.000000
312 44.664856 48.236305 3.925827 2.108025 0.000000
313 44.860935 48.436581 3.365356 2.209094 0.000000
314 44.591263 48.245602 3.485624 2.004095 0.000112
315 45.056168 48.370537 3.171039 2.013540 0.000000
316 45.232502 48.640602 2.475349 2.248650 0.002710
317 45.203949 48.806423 2.107023 2.188249 2.900227
318 44.765049 48.981670 1.635215 2.450617 8.338952
319 45.184902 49.429111 1.907554 2.390863 0.154584
320 45.196156 49.341343 1.435355 2.686435 8.788908
321 44.642094 49.420910 1.507027 2.348283 5.739248
322 44.934235 48.717171 1.216498 1.990844 6.774991
323 45.187077 49.249821 0.960217 2.384880 87.395912
324 45.639874 49.782902 0.892909 2.933100 41.493423
325 45.560841 49.101730 0.885247 2.252273 64.158150
327 44.865162 49.475533 0.685182 2.494800 80.512383
328 45.460686 49.423977 1.050041 2.803249 36.906193
329 45.437229 49.504112 1.067161 2.503451 57.080246
330 45.744526 49.373631 0.780667 2.332263 55.652802
333 46.101467 51.078739 0.869772 3.537483 9.110579
336 45.947041 53.825085 0.862312 3.138914 41.157459
339 44.807079 51.943836 0.894695 3.103933 36.002686
342 44.064335 51.926426 0.689397 2.474694 89.508705
