%% Trajectory 84
241 46.503201 44.642643 1.283288 3.108933 6.118400
243 47.813442 43.776268 0.824738 1.962081 7.485154
245 47.032497 44.094921 1.333907 2.495439 30.763544
246 47.480892 44.045502 1.202581 2.902525 11.890006
247 47.944820 44.159058 1.052270 2.670922 46.177959
248 47.355907 44.195683 1.453270 2.456155 5.052692
250 47.648712 43.658955 1.366931 2.206146 16.656572
252 47.603497 44.387062 1.690378 2.615435 8.004401
254 47.317303 43.782204 1.735484 2.548975 0.584806
255 47.704926 43.977478 1.783304 2.382610 0.840603
256 47.578529 44.049503 1.289322 2.020720 21.983788
257 47.515915 43.799629 1.947148 2.368090 0.457208
258 47.302288 43.783211 1.685677 2.091252 1.009972
259 47.817406 43.960690 1.464342 2.374235 16.026648
260 47.692162 43.785816 1.569374 2.353447 4.275015
261 47.761330 43.442169 1.340508 2.677346 13.457212
262 48.040112 43.996685 1.700148 2.532103 1.962849
263 47.292843 43.767460 1.730996 2.502047 0.880009
264 47.373699 43.548683 1.694591 2.381523 2.853248
265 47.637157 43.581924 1.656891 1.989188 2.479624
266 47.599808 43.564171 1.839222 2.331678 0.784296
267 47.418674 43.393284 1.231042 2.760088 17.653812
268 47.757877 43.590847 1.669619 2.360833 16.695301
269 48.052307 43.856339 1.322977 2.162078 23.505239
270 48.234638 44.169827 1.670985 1.787346 14.754445
271 47.852909 43.920841 2.100704 1.990057 14.347526
273 48.315002 44.313347 1.653289 2.332833 27.512314
274 47.993683 43.706467 1.840303 1.998008 5.790040
275 47.638100 43.642769 1.491391 2.375576 16.476864
276 47.861546 43.742470 1.786060 2.308815 29.350912
277 48.068295 43.670067 2.184242 2.048404 9.782848
278 47.749065 43.420788 2.228276 2.138148 6.737960
279 47.802959 43.366520 1.885727 1.915927 1.338063
280 47.856995 43.845421 2.064052 1.920997 15.830999
281 47.775833 43.580521 2.024958 2.214122 13.650332
282 48.107315 43.714512 2.432107 2.153572 14.241333
283 48.015186 43.956894 2.218610 2.175581 8.012177
284 47.847748 44.093037 2.572280 2.160292 6.112605
285 47.922142 43.899906 2.573370 2.030602 7.835033
286 47.842976 43.696072 2.589878 2.038338 2.757296
287 47.863453 43.800365 2.914075 1.978542 11.826671
288 47.750797 43.717381 2.320274 2.099312 13.180091
289 47.984432 43.680370 2.371252 2.150353 8.671673
290 47.853352 43.677258 2.566416 2.033536 11.007848
291 47.719913 43.732750 2.518228 2.109689 5.117821
292 48.018909 43.851997 2.029595 1.948531 1.201305
294 47.840313 43.797543 2.845227 1.971615 11.965713
295 47.852028 43.531357 3.213965 2.237514 1.397351
296 47.869564 43.855907 2.702385 2.187816 15.235241
297 47.589840 43.302250 2.589446 2.108658 1.739210
298 47.936745 43.671616 3.117533 1.979457 8.048100
299 47.976215 43.598984 3.007786 1.955703 7.647487
300 48.025311 43.357204 2.078837 2.046632 0.295896
301 48.133350 43.301544 2.540991 1.995040 0.001482
302 47.961998 43.368313 2.711415 1.904695 0.000240
303 47.925949 43.138573 1.773857 1.902699 0.115813
304 47.781391 43.184517 1.936151 1.938504 0.010874
305 47.938957 43.421799 2.002906 2.327663 0.214578
306 47.892902 43.302498 2.023937 1.935181 0.025125
307 47.810902 43.348984 1.820250 2.039064 0.287951
308 47.921795 43.516899 2.059890 1.942263 0.001610
309 47.977631 43.141621 2.114179 1.965813 0.001242
310 47.808258 43.112663 2.231837 1.951360 8.515902
312 47.890072 43.070271 1.381661 1.772857 1.516039
313 47.569687 43.070778 1.522326 1.886035 0.427848
314 47.926296 43.212643 1.954512 2.171910 0.038778
315 47.815380 43.363407 1.182330 2.051521 13.085583
316 47.613262 42.756565 1.126231 2.391341 48.598740
317 47.173717 42.754543 0.747903 2.289309 40.735294
318 47.421463 42.693428 1.033737 2.539604 31.835459
319 47.315132 42.922451 0.916656 2.167733 49.816822
320 47.341965 43.359398 0.864927 2.315607 68.161285
