%% Trajectory 189
375 34.436493 72.547119 0.821485 2.820668 52.253117
376 34.819988 72.124420 0.637276 2.246433 27.353800
377 34.590977 72.020065 0.908609 2.877559 28.840157
378 34.775806 72.700470 0.883826 3.005538 38.808388
380 34.563801 71.130852 0.782220 3.279507 7.072279
382 34.821514 72.282913 1.181988 2.149280 27.653811
385 35.209625 72.593414 1.100621 2.604699 34.482155
386 35.015965 72.032463 1.250730 2.174448 13.505262
387 34.756184 72.157814 1.938620 2.374556 18.546221
388 34.761547 72.110596 1.568387 1.958078 1.956072
390 34.961914 72.190971 2.538148 2.169771 8.264490
391 34.957886 72.320839 1.718203 2.243978 4.027472
392 35.180885 72.049873 2.019387 2.570515 25.822638
393 35.087887 72.004013 1.920081 2.308003 19.821779
394 34.695320 72.152107 1.971888 2.463151 28.523842
395 34.887180 72.308983 1.846810 2.168719 33.542034
396 34.705433 72.069359 2.049797 2.442208 10.403603
397 34.696693 72.121475 2.698370 2.339382 15.127556
398 34.694347 72.056961 3.138013 2.340230 0.003051
399 34.966301 71.988945 3.277135 2.276099 0.046087
400 34.962437 72.224632 2.349214 2.057015 6.829105
401 34.839367 72.178261 2.975093 2.172672 5.298072
402 34.850986 72.041740 2.819658 2.431834 5.420585
403 34.758335 71.760445 3.061309 2.504138 4.700902
404 34.240788 71.899353 2.986947 2.700143 12.511102
405 34.174541 72.004608 2.251448 2.641156 0.237934
406 34.317215 71.778557 2.829159 2.571889 0.006069
407 34.437870 71.352486 2.097958 2.607747 9.861609
408 34.100456 71.794907 2.834897 2.407788 0.014962
409 34.092686 71.691498 2.304202 2.575163 4.665407
410 34.091583 72.008293 2.161456 2.722321 4.553145
411 33.877453 71.420090 2.269579 2.579798 9.685889
412 33.823097 71.800629 2.776742 2.427173 0.070926
414 33.186237 71.379158 1.596066 2.868596 32.746284
415 33.766693 71.840034 1.854123 2.584225 19.023109
416 33.575851 71.388718 1.384278 2.898873 15.450226
417 33.472424 71.226067 1.393849 2.517178 21.267527
418 33.287746 71.836128 1.810919 2.971769 3.121202
420 33.908588 71.875984 1.706840 2.211081 15.083849
421 34.503448 71.509750 1.256539 2.509010 0.303261
422 34.576225 71.338676 1.380928 2.417319 6.379473
423 34.105438 71.894630 1.504813 2.399805 8.899834
424 33.907112 71.854584 1.218600 2.672215 0.000503
425 34.004562 71.431595 0.997990 2.640611 5.984049
