%% Trajectory 153
332 10.336273 58.566288 0.840237 2.627713 48.575878
333 10.201647 59.037895 1.328523 2.427093 23.369366
335 10.115687 58.220665 0.667499 2.624250 129.657715
336 10.328260 58.157593 1.011321 2.925829 31.969107
337 10.295261 58.828369 1.610401 2.637584 3.243927
338 10.000365 58.841541 1.567656 2.433065 10.119382
339 10.215906 58.796238 2.232002 2.458411 1.066591
341 10.101911 58.917034 1.712986 2.423925 4.526013
342 9.817546 58.729168 1.372210 2.117098 11.870517
343 10.165082 58.991314 1.536086 2.731494 4.947730
344 9.901405 58.912663 1.567429 2.179631 9.121881
345 10.179528 58.967087 2.375990 2.365904 5.076902
346 10.083419 58.741798 2.526698 2.417049 9.702476
347 10.219420 58.674477 2.316411 2.549606 5.055519
348 10.184910 58.457748 2.153241 2.637658 1.681726
349 10.101759 59.136219 2.264766 2.624835 3.400923
350 10.114335 58.715961 2.504208 2.609851 0.855634
351 10.086856 58.765415 2.165159 2.486106 0.197710
352 9.664593 59.115673 2.051395 2.275406 0.431551
353 10.088963 58.694092 2.281510 2.414837 7.290820
354 10.038074 58.583527 1.796203 2.560306 5.496577
355 9.986305 58.865215 2.558330 2.246215 10.991709
356 9.676194 58.903336 2.806276 2.461100 2.248735
357 9.960905 58.804241 3.051056 2.276181 1.872381
358 10.021449 58.962055 2.954369 2.196254 0.003697
359 10.188251 59.142330 2.953827 2.583651 0.029885
360 10.007899 58.974159 3.684049 2.230752 0.000000
361 10.118347 59.047215 3.787445 2.208072 0.000000
362 9.996882 58.818359 3.391214 2.312389 0.000346
363 9.801047 58.882904 3.425429 2.376556 0.000009
364 9.934458 58.979683 3.331475 2.205225 0.000008
365 9.859463 58.940075 3.309685 2.345827 0.000024
366 10.193190 59.062878 3.662248 2.363325 0.000000
367 10.085637 58.924110 3.645724 2.477791 0.000000
368 9.825221 58.931175 4.009648 2.247355 0.000000
369 10.023177 58.953274 4.100343 2.567032 0.000000
370 9.894015 58.895126 3.914603 2.363492 0.000000
371 9.922761 59.096661 4.380984 2.326319 0.000000
372 10.067716 58.985378 5.099718 2.279997 0.000000
373 10.121084 59.072460 4.233756 2.231016 0.000000
374 10.052470 58.970730 4.990717 2.158370 0.000000
375 10.067697 59.071388 4.842101 2.195396 0.000000
376 10.043002 58.831425 4.724623 2.211607 0.000000
377 10.068822 59.088467 5.001948 2.354601 0.000000
378 10.125713 58.946983 4.586555 2.446436 0.000000
379 10.228621 58.936352 4.372178 2.327878 0.000000
380 10.170844 58.540314 4.591295 2.504688 0.000000
381 10.750264 59.065880 4.456544 2.435762 0.000000
383 10.818005 59.439468 2.992978 2.599281 0.056570
384 10.608721 59.009739 3.820337 2.354479 0.000000
385 10.841990 59.623356 3.810425 2.589133 0.000000
386 10.644117 59.305485 4.096605 2.320010 0.000000
387 10.820605 59.126324 4.006981 2.242032 0.000000
388 10.853910 58.969616 3.303322 2.162716 0.000614
389 11.050705 59.165009 2.995059 2.369029 13.565428
390 10.875943 59.134094 2.638054 2.535131 8.533960
391 10.915041 59.103325 2.521158 2.381028 4.213444
392 10.892042 59.048737 1.930500 2.277498 21.306761
393 10.804949 58.771454 1.483962 2.361789 18.946524
394 10.854248 59.600643 1.592072 2.738280 28.897844
396 11.072708 58.868328 1.422379 2.334019 26.714598
397 11.190712 58.604759 1.738200 2.603603 16.283602
398 10.577914 58.738407 1.341686 2.146869 11.221254
399 11.133454 59.045528 1.985507 2.515430 16.022379
401 10.418242 58.848801 1.178528 2.487292 7.604496
402 11.041464 58.494312 1.161531 2.918641 10.551369
405 9.646165 58.951591 1.092247 2.158532 25.967785
