%% Trajectory 6
12 13.179516 53.986526 1.570603 2.226528 14.055786
13 12.965758 54.191650 1.230622 2.264565 2.155961
14 13.143372 54.317123 1.340926 2.138378 27.664774
15 13.244023 54.163277 1.532915 2.074847 20.333347
16 13.130338 54.039116 1.565557 2.206964 17.576139
17 12.807111 54.037766 1.287802 2.337633 23.780569
18 12.949494 54.296875 1.622320 2.649227 28.935928
19 12.855602 53.600555 1.107847 2.358164 35.240807
20 13.099730 54.050007 1.582385 2.139243 21.542742
21 13.274134 54.026836 1.510291 2.089814 7.533638
22 12.985085 54.145367 1.540579 2.446782 11.001370
23 12.824576 53.843067 1.645843 2.578969 33.868153
25 13.183629 54.250092 1.772198 2.421879 14.978292
26 13.117547 54.246666 2.094796 2.202826 28.648117
27 13.263519 54.073437 2.325992 2.163181 16.279573
28 13.497768 54.557465 2.153465 2.605422 15.345197
29 13.409917 54.302078 2.177033 2.430758 14.417254
30 13.277938 54.600163 2.376721 2.556427 14.400274
31 13.161300 54.157425 2.695359 2.284449 11.871003
32 13.044876 54.220558 2.207451 2.519460 15.724784
33 12.996044 54.245121 2.215137 2.544470 8.343783
34 13.271018 54.432461 2.380497 2.402022 4.784120
35 12.951160 54.252468 2.175275 2.453042 14.178818
36 13.071233 54.222073 2.578501 2.474553 5.140978
37 13.095850 54.241055 2.608548 2.480161 11.239811
38 13.164987 54.237453 2.912603 2.293236 14.481657
39 13.210025 54.218460 2.894561 2.331262 11.727902
40 13.309484 54.301033 2.835687 2.434640 15.317003
41 13.501475 54.599350 3.035120 2.511230 21.000683
42 13.266819 54.437614 2.820801 2.431327 27.488634
43 13.301978 54.215435 2.967934 2.308562 18.046467
44 13.269023 54.381443 2.959670 2.480467 18.229866
45 13.186651 54.347019 2.956383 2.301964 23.819345
46 13.332388 54.796471 2.821318 2.463255 45.528904
47 13.896310 55.251610 2.166793 2.514320 13.677032
48 13.785206 54.970585 1.663400 2.192774 14.294178
49 13.831458 55.037704 2.217723 2.212181 33.306057
50 14.048442 55.065041 1.885229 1.999372 8.925520
51 13.940174 54.604057 1.604530 2.216824 19.089188
52 13.946386 54.983074 1.773712 2.070243 9.872410
53 13.375988 55.430485 1.783431 2.249911 16.783674
54 13.294555 55.450485 1.904688 2.172479 5.897068
55 12.959065 55.731995 1.773765 2.301330 8.433969
56 13.075710 55.482994 1.362531 2.303429 0.852561
57 12.736887 55.601223 1.654898 2.347322 3.222215
58 12.836035 55.602306 1.169331 2.052870 0.580604
59 13.087253 55.154224 1.575584 1.903656 3.156902
60 13.768793 54.926239 1.819406 1.918962 9.436648
62 13.988461 54.784866 1.159348 1.763847 0.023430
63 14.256404 54.283493 1.356141 2.061074 5.713375
