%% Trajectory 20
125 17.505716 51.253300 1.274820 2.591091 22.640879
127 18.659168 51.236237 1.190339 3.047538 21.135374
129 18.348185 51.055534 1.508533 2.356559 26.719374
130 18.162771 51.085361 1.426547 2.416027 31.539923
131 18.285475 50.846962 1.427744 2.345740 24.775448
132 18.354525 50.626308 1.406706 2.226370 13.436239
133 18.271038 50.895947 1.710407 2.425853 14.810555
134 18.377413 51.139523 2.012874 2.589083 12.662625
135 18.501110 51.039932 2.535581 2.383719 10.216632
136 18.296064 51.258961 2.487457 2.386483 9.861712
137 18.559761 51.020180 2.324029 2.450169 11.738563
138 18.273912 51.022114 2.401150 2.355345 4.165967
139 18.120028 50.856075 2.404998 2.079169 11.314105
140 18.032486 50.823509 2.334157 2.409746 7.526931
141 18.331942 50.932953 2.808611 2.225026 2.729550
142 18.234150 50.895138 2.537445 2.163808 8.150498
143 18.346138 51.031082 3.213566 2.346914 0.054931
144 18.252167 50.827419 2.809415 2.206782 6.356836
145 18.280844 50.972878 3.149091 2.238597 4.680760
146 18.151743 50.979603 2.973971 2.079549 7.853697
147 18.167526 51.078896 3.260767 2.244576 13.248073
148 18.232861 51.156136 3.179214 2.198735 4.160751
149 18.254599 51.159771 3.841593 2.249602 1.428386
150 18.254917 50.986797 3.759827 2.080745 0.229428
151 18.378408 51.028950 3.227291 2.373412 8.820251
152 18.199610 51.149883 3.828478 2.220273 4.840489
153 18.235382 51.001312 4.112011 2.209921 0.453362
154 18.263205 50.941032 4.165529 2.186890 1.139718
155 18.219801 51.070953 4.346696 2.263033 11.760978
156 18.215948 50.997318 4.013211 2.091481 8.674162
157 18.306280 51.184139 4.365363 2.233161 5.951735
158 18.228785 51.030109 3.855948 2.266398 9.600645
159 18.131083 51.167374 4.361109 2.198572 7.604549
160 18.335875 51.199932 4.160554 2.280987 6.957173
161 18.137516 51.169998 4.689012 2.161500 2.317354
162 18.257479 51.347118 4.986471 2.358213 15.571798
163 18.209152 51.172337 4.235137 2.363372 8.653025
164 18.248512 51.195347 4.535030 2.227710 6.096421
165 18.285324 51.161091 4.917374 2.254929 0.036359
167 18.630001 51.650909 4.755441 2.330808 0.000006
168 18.740314 51.718174 4.104207 2.216564 0.051816
169 18.651453 51.808815 3.551915 2.236031 0.073203
170 18.636383 51.957230 4.229389 2.272652 0.016150
172 19.201660 51.781956 3.572148 2.056949 0.000001
173 19.439512 51.567314 3.370804 2.511925 0.001358
174 19.612036 51.742756 2.787782 2.394077 0.007106
175 19.583738 51.668594 3.559774 2.424770 0.000000
176 19.611801 51.680305 2.926453 2.393671 0.000056
177 19.706970 51.423401 2.888080 2.510320 0.129974
178 20.063303 51.577827 2.776789 2.349331 0.000051
180 20.461243 51.656113 2.564110 2.461463 0.015165
181 20.676914 51.669079 2.320725 2.638941 2.713566
182 20.733017 51.820881 1.962631 2.344988 1.737608
183 20.636803 52.075882 1.582279 2.258978 26.526329
184 20.039520 51.481419 1.678319 2.246541 7.236865
185 20.238899 51.318966 1.234182 2.389443 37.212162
186 20.080603 52.111431 1.283034 2.731836 15.358986
188 21.044901 51.796459 1.020764 2.553892 53.081264
190 19.227470 51.677963 0.975968 3.121913 37.426872
191 19.726917 52.276047 0.866850 3.323989 10.319383
194 20.685322 51.706688 0.853324 2.261964 40.043961
195 20.984795 51.851715 0.868129 2.071274 52.292622
197 20.841539 51.869350 0.760815 2.775071 47.027058
