%% Trajectory 205
403 22.259235 50.265751 0.704633 2.070363 20.348360
406 22.328379 50.573036 1.112787 2.626116 24.246372
407 22.303095 50.014107 1.580642 2.288136 20.071642
409 22.169142 49.933868 1.203168 2.398689 17.686186
410 22.160835 50.089890 1.539049 2.199856 16.032379
411 21.885670 50.453465 1.164966 2.414168 4.048544
412 22.220205 50.104713 1.492285 2.055817 15.496716
413 22.299892 50.079208 1.414531 2.135678 20.049995
414 22.533939 49.501587 1.379658 2.344441 24.472782
415 22.027384 49.976547 1.442572 2.442418 23.050278
416 22.181829 50.085110 1.926822 2.202703 6.223665
417 22.344389 50.008190 1.622080 2.580560 28.439421
418 22.347095 50.235657 1.799450 2.280255 9.754335
419 22.372297 50.159901 1.875169 2.276587 11.707291
420 22.211361 49.994244 1.893660 2.154019 13.868110
421 21.851755 50.260235 2.147390 2.440150 7.821767
422 22.103798 50.110645 2.486728 2.191585 6.223997
423 22.232433 50.055206 2.727129 2.320788 12.124604
424 22.061884 50.047050 2.633256 2.304003 13.219345
425 22.063171 49.938751 2.630514 2.303345 12.679623
426 22.047096 49.968693 3.292078 2.123258 1.117413
428 21.920204 50.314407 3.034613 2.294499 5.456051
429 22.076757 49.843975 2.658855 2.166466 3.452649
430 22.219971 50.135216 3.209349 2.203545 6.961812
431 22.092026 49.915558 3.518386 2.175579 6.261144
432 22.227232 50.310143 3.317610 2.331738 0.176642
433 22.113962 50.626118 2.829162 2.193927 14.014800
434 22.199829 50.726265 2.587003 2.201376 5.092624
435 22.403584 50.834362 2.305385 2.355817 0.515171
436 22.233662 50.734325 2.012215 2.148127 0.324139
437 22.540184 50.962193 1.936295 2.119296 1.504261
438 22.382010 51.052994 2.669212 2.258201 6.332625
439 22.581100 50.905003 2.293795 2.132504 3.650710
440 23.281427 51.026264 2.133827 2.414924 8.152633
441 23.237280 50.911831 1.936381 2.438702 16.391392
442 23.932905 51.072945 1.557798 2.586522 16.767845
443 24.392319 51.308327 1.780551 2.471552 1.406847
444 24.339842 51.387081 1.981805 2.491904 13.894824
445 24.259348 51.109989 1.463330 2.488517 20.287724
446 24.669655 51.215618 1.131566 2.398877 20.123777
447 25.465969 51.242065 1.566667 2.523576 15.171536
448 24.692606 50.901814 1.318446 2.272290 19.305098
449 24.390751 50.784702 1.825851 2.389363 15.223085
450 24.510647 50.768051 1.542437 2.414029 8.706738
451 24.085110 51.056816 2.178863 2.103910 11.189190
453 24.314121 50.926125 1.915773 2.556803 6.090189
454 24.245657 50.980656 1.326637 2.302561 10.095801
455 23.966082 50.910435 1.168418 2.080094 21.121696
456 24.286289 51.258865 0.920257 2.175998 15.867906
457 24.596600 50.530804 0.965129 2.374231 29.978354
458 24.563980 50.915962 0.949288 2.164882 22.599976
459 24.836128 50.812675 1.416371 2.164370 4.732218
460 25.182011 51.087593 1.341923 2.119805 23.943192
462 24.990599 50.578247 1.235578 2.481619 33.613098
463 25.176785 50.503914 0.762859 2.503015 10.424172
464 25.090778 50.493385 0.949253 2.853556 35.314693
