%% Trajectory 34
60 73.729050 50.655308 0.584950 1.966737 39.147621
61 73.564835 50.982010 0.639236 2.875438 51.212284
62 73.893089 50.925613 0.883577 2.120049 29.897055
63 74.309837 51.352444 0.671159 2.306298 83.498627
64 74.134033 51.083405 1.281522 1.926900 16.788620
65 74.018326 50.963730 0.964419 2.181513 13.517935
66 74.231888 50.605896 1.327334 2.113470 12.730731
67 74.203934 50.973145 1.554444 2.257446 7.877336
68 74.045731 50.716576 1.286666 2.206009 14.868866
69 73.840775 50.629086 1.630468 2.422983 7.109719
70 74.108788 50.669056 1.570414 2.197275 9.349403
71 73.841148 50.757965 1.917320 2.111921 1.894426
72 74.010712 50.879520 2.043758 2.027092 0.093238
73 74.211761 50.587524 2.167222 2.485218 9.792418
74 73.984039 50.744568 2.133759 2.244193 0.981154
75 73.910988 50.832741 2.599133 2.076913 0.017005
76 74.234985 51.003033 2.465851 2.106495 1.767369
77 74.081184 51.028706 2.707973 2.117587 1.674674
78 73.942879 50.789089 2.622954 2.124182 3.671657
79 74.128952 50.869038 3.166638 2.143775 0.461008
80 74.056885 50.903461 2.967885 2.059226 1.745504
81 73.974411 50.852543 2.990315 2.088544 10.132607
82 74.236038 50.875584 3.349773 2.040849 0.000005
83 74.067604 50.676533 2.995044 2.355995 0.022849
84 74.193596 50.758923 2.243752 2.221387 23.327745
85 73.729301 50.331409 1.910392 2.350055 6.210273
86 73.781898 50.286133 2.461162 2.180407 17.618002
87 73.964760 50.156967 2.542115 2.372171 7.663510
88 73.924126 50.162121 1.910947 2.194938 2.549739
89 73.804413 50.108391 1.918259 1.910822 1.638796
90 73.685570 50.151684 1.626161 2.096267 2.110742
91 73.974007 50.083221 1.679737 1.896753 1.366879
92 74.155807 49.992794 1.252030 2.028284 14.655916
93 73.728539 50.161846 1.461123 2.378255 14.836365
94 73.714668 50.107021 1.347022 2.030565 10.227626
95 73.233337 50.321358 1.712223 2.439446 14.858253
96 73.302589 50.421417 1.476659 2.196276 9.184007
97 73.386276 50.396580 1.428122 2.435118 18.636480
98 73.085808 50.313881 1.479050 2.590686 11.378743
99 73.576347 50.005089 1.154152 2.211362 24.300259
100 73.698883 50.073036 0.981114 2.465318 39.977638
101 73.428154 49.860950 1.561979 2.492089 17.022310
102 73.256111 50.236534 0.883601 2.405827 73.531708
103 73.688202 50.203640 0.877192 2.770837 15.977690
104 73.181335 50.068916 1.201391 2.105867 14.030070
106 73.873711 49.144321 0.921808 2.082643 11.173788
107 73.967209 49.528015 0.796880 2.541066 33.217514
108 74.143791 49.231846 0.839173 2.306733 24.400303
109 73.880943 49.103661 0.603595 2.312620 33.144665
111 73.996666 49.812943 0.910013 2.745629 51.725063
