%% Trajectory 55
88 53.770935 17.777479 0.729723 2.459393 50.475048
89 53.764526 17.759312 0.979389 3.124013 16.791040
92 54.242458 17.503019 0.808994 2.427301 29.485245
94 55.542439 18.313553 1.048294 2.651673 24.181597
95 55.026192 18.374878 0.883380 2.966851 3.452209
97 55.725746 18.069139 1.014015 2.600571 13.308537
100 54.343494 18.140583 0.947757 2.704465 43.382565
101 54.552605 17.630035 0.799283 2.510300 54.705162
102 55.181129 17.890112 1.163916 2.288474 39.771011
103 55.206581 18.017284 1.208609 2.451842 28.195475
104 55.024784 17.676538 1.380992 2.633628 31.124243
105 54.887501 18.048079 1.467211 2.685666 22.972925
106 54.474018 18.045135 1.671115 2.404406 13.033271
107 54.568954 17.790916 1.535104 2.425606 25.097158
108 55.260784 17.804188 1.732353 2.699410 22.198853
109 55.037487 18.050560 2.224038 2.240877 6.431463
110 54.561829 17.811440 1.826623 2.624260 21.112469
111 55.057217 18.179258 1.858398 2.340557 24.171986
112 54.905167 18.149975 1.917106 2.459133 19.519768
113 55.170094 18.022945 2.220082 2.790243 11.674177
114 55.063274 17.850649 1.752719 2.537199 10.545917
115 54.882458 17.890396 2.045616 2.328635 8.980224
116 54.995472 17.887775 2.544862 2.633996 0.240915
117 55.094139 17.993164 2.815105 2.380356 4.124735
118 55.336029 18.248116 2.086765 2.566937 9.683260
119 54.990490 18.205078 2.236405 2.633002 10.416789
120 55.052841 17.909607 2.634094 2.532301 0.986642
121 54.884846 18.128321 2.767496 2.857656 4.509234
122 54.991631 18.107092 2.760169 2.632776 0.121106
123 54.828999 18.024046 2.410540 2.550824 4.151834
124 54.886200 17.982967 2.439258 2.507772 13.171630
125 55.126316 18.016317 3.185118 2.790577 0.027394
126 55.020672 18.047539 2.812249 2.431082 11.314283
127 54.954594 17.798145 2.644116 2.355070 8.095978
128 55.289131 18.275877 3.043917 2.682319 0.037366
129 54.879467 18.139877 2.759394 2.373594 0.093505
130 54.997089 18.231792 3.444428 2.405957 0.000048
131 55.061523 18.073792 2.589809 2.579194 10.051610
132 55.327530 17.831846 2.904195 2.751955 1.812634
133 54.985722 18.085573 3.359154 2.500649 0.005929
134 55.102348 18.049032 3.154778 2.437489 0.192510
135 55.183590 17.993393 3.755810 2.442082 0.001589
136 54.942963 17.923391 3.471428 2.318477 0.004126
137 54.992191 18.065720 3.320708 2.415938 1.064170
138 55.176765 18.097105 3.616366 2.555572 0.000608
139 55.068584 17.975796 3.622292 2.407164 0.000041
140 55.160221 17.965096 3.658984 2.484655 0.012594
141 55.087803 18.115355 3.562571 2.522002 0.000735
142 54.891975 17.952122 3.450176 2.543988 0.025147
143 55.148949 18.019150 3.136137 2.533245 0.000081
144 55.144131 18.062595 3.632836 2.480855 0.000028
145 54.998234 17.977650 3.640213 2.520599 0.005056
146 55.142807 18.268051 2.719888 2.401788 1.630872
147 55.113129 18.317657 2.672809 2.603677 0.574522
148 55.531559 18.401739 2.449268 2.846896 2.919679
149 55.152962 18.847433 2.448035 2.214437 3.115328
150 55.491215 18.635387 2.362416 2.582621 0.127224
151 55.675652 18.879965 2.202154 2.246219 0.038737
152 55.258389 18.865780 2.203496 2.276304 0.039307
153 55.730137 19.001045 2.234256 2.349211 0.013799
154 55.715332 18.734125 2.114021 2.593157 6.157869
155 55.404167 18.929173 2.177427 2.341958 0.214682
156 55.149048 18.682365 1.512937 2.245360 2.832903
157 55.676746 18.762550 0.924142 2.471229 57.269985
158 54.839203 18.437309 0.810143 2.715353 72.581917
159 55.377918 18.229355 1.179460 2.737313 52.437775
160 55.580296 18.476833 1.101110 2.792699 23.871323
161 55.313534 18.466597 0.896879 2.344280 52.450638
162 55.259308 18.904373 1.685382 2.149508 10.397073
164 55.037487 18.294529 1.311478 2.373446 31.755970
165 55.610401 18.432312 1.763442 2.627820 17.405838
166 55.502209 18.649881 0.871057 2.356029 51.193829
167 55.819920 18.047186 1.161763 2.636370 32.886368
168 55.012161 18.302557 0.820658 2.483991 81.442299
170 55.333740 18.836264 0.584427 2.343822 42.266235
171 54.944355 18.906668 0.843163 2.531634 73.014038
173 55.192490 18.283844 0.887893 2.187939 51.332741
175 55.314857 18.752615 0.954323 2.631514 38.797932
177 56.213829 17.616976 0.697900 2.825144 69.253281
180 55.864838 19.823322 0.651336 2.601007 87.128098
