%% Trajectory 93
163 79.974434 25.228128 0.846106 2.516616 48.112186
165 80.835236 25.716745 0.936472 2.484344 36.597530
168 80.796165 24.600327 0.696676 2.316548 68.273178
169 79.986938 24.183134 0.627526 2.638100 74.630951
170 79.550919 24.132303 1.339032 2.854150 24.436808
172 80.935211 24.148016 0.714690 2.643301 57.435318
175 80.296181 23.188332 0.493649 2.076517 37.587082
177 80.424438 23.159006 0.546292 2.751912 64.152916
179 80.215759 23.227217 0.756588 2.330735 63.547058
180 80.443932 23.702808 0.625857 2.520606 97.236412
181 80.651009 23.098543 0.873302 2.801878 49.021976
183 80.580032 23.135563 0.989282 2.510512 39.743313
185 80.518021 22.341211 0.913093 2.948314 65.967270
186 80.650978 22.366524 0.982535 2.405776 22.535400
187 80.725441 22.912598 0.736888 1.987652 34.025433
189 80.657928 22.801018 1.167164 2.549319 22.163137
190 80.724464 23.034313 1.200445 2.626449 12.607801
191 81.053757 22.839756 1.739277 2.436080 0.123203
192 80.734184 22.746588 1.703526 2.490748 2.689538
193 80.824120 22.884577 1.809337 2.483892 0.162604
194 80.788925 22.684277 1.823311 2.413235 0.039863
195 81.243027 22.557964 1.389655 2.183621 11.239370
196 80.686768 22.393555 1.728272 2.410172 0.282390
197 80.560890 22.775562 1.908507 2.257319 0.051780
198 80.747963 22.758129 2.511057 2.189065 0.000644
199 80.880615 22.400543 1.804777 2.227664 0.129750
200 80.765427 22.515963 1.949761 2.378486 0.013109
201 80.749390 22.818388 2.007009 2.232742 0.038883
202 80.612030 22.667013 2.087779 2.504529 0.043472
203 80.611305 22.668270 2.544360 2.437093 0.000006
204 80.985550 22.585873 1.981515 2.201360 0.018205
205 80.746696 22.838320 2.023597 2.425327 0.001834
206 80.696457 22.899660 1.778630 1.980972 0.091328
207 80.797035 22.703037 2.358379 2.180453 0.000079
208 80.616943 22.917910 2.647664 2.065616 0.000037
209 80.550453 22.934385 2.769042 2.356877 0.000000
210 80.734467 22.726728 2.979318 2.104066 0.000000
211 80.577217 22.718109 2.900975 2.285809 0.000000
212 80.740852 22.898821 3.428114 2.076256 0.000000
213 80.644974 22.906483 3.560917 2.108092 0.000000
214 80.745796 22.823086 3.194908 2.061586 0.000000
215 80.388901 22.745502 3.284976 2.416444 0.000000
216 80.576561 22.864744 3.488145 2.398811 0.000003
217 80.809990 22.952110 3.939336 2.203357 0.000013
218 80.709526 22.922024 3.840940 2.134573 0.006885
220 79.984879 23.063274 2.610841 2.294936 0.006058
221 80.247719 23.411247 1.938822 2.163651 2.680624
222 79.859474 23.205416 2.235430 2.315549 2.141932
223 79.800735 23.219822 2.166077 2.082646 7.244925
224 79.611603 23.261681 1.719171 2.153795 6.270373
225 80.161270 23.585600 1.365174 2.443173 13.185102
226 79.885849 23.569166 1.081386 2.250476 15.093083
227 80.066452 23.370035 1.468193 2.125991 10.958475
228 80.159081 23.573441 1.798038 2.159030 15.839004
229 79.537956 23.417591 1.290982 2.372917 33.917305
231 79.681206 23.819300 1.337809 2.643063 32.275135
232 80.254860 24.031240 1.734175 2.138338 10.375069
233 79.846924 23.714115 1.170371 2.085548 16.836565
234 80.091934 23.672642 1.336083 2.082864 20.310526
235 79.613152 24.155342 1.409718 2.358959 26.515522
236 79.680351 24.352617 1.144816 2.178578 24.545401
237 80.041237 23.789991 1.428189 2.482759 26.856445
239 80.091591 24.207247 1.326448 2.432104 21.011696
