%% Trajectory 8
3 42.059937 24.677574 0.554890 1.793598 35.125439
6 42.644855 24.949265 0.570678 2.245110 42.506962
7 42.424217 25.259056 0.682471 2.151814 51.212891
8 42.246136 24.840479 0.892327 2.377538 35.175194
9 42.034046 25.041386 1.062598 1.924197 13.579905
10 42.344841 25.195053 1.181520 1.904952 1.564643
11 42.104626 25.245613 1.048726 1.915207 16.130186
12 42.629162 25.473104 1.420185 2.562142 16.478647
13 42.132267 25.389601 1.713323 2.182250 0.544941
14 42.385715 25.509874 1.342311 2.347183 17.639612
15 42.529564 25.435431 1.372833 2.192119 2.234449
16 42.344845 25.706335 1.721424 2.169793 4.321475
17 42.124458 25.303068 1.847084 2.136620 0.370632
18 42.368671 25.763626 1.913319 2.292430 5.067622
19 42.410717 25.468670 1.718278 2.261246 1.516135
20 42.421989 25.525963 2.433398 2.325995 0.847126
21 42.180801 25.360451 2.019586 2.285304 5.178707
22 42.306793 25.407484 2.443099 2.234100 0.035056
23 42.543381 25.288780 2.429205 2.300235 1.613237
24 42.306347 25.313568 2.266877 2.150591 0.479672
25 42.598125 25.668585 2.633912 2.449411 0.229591
26 42.469860 25.378656 2.329788 2.220664 0.963072
27 42.430454 25.417479 2.573213 2.478041 7.081170
28 42.480618 25.364611 1.952911 2.352101 23.654297
29 42.542229 25.419456 2.698068 2.318372 2.350597
30 42.820229 25.423525 2.708690 2.229590 5.287665
31 42.730690 25.804768 1.999792 1.930002 15.367416
32 43.008095 26.028341 2.116498 2.243584 25.521894
33 42.922249 25.698198 2.154930 2.012859 16.363420
34 43.005108 26.030067 1.925318 2.136196 14.937412
36 42.954376 25.892614 1.512727 2.021603 10.379329
37 43.193897 25.729370 1.167256 2.201169 10.023170
38 43.244556 25.949150 1.231210 2.032672 2.278859
39 43.001945 25.867975 0.955344 2.289221 9.793705
40 42.959713 25.788033 1.749488 2.089809 1.180523
41 42.847317 25.621019 2.030712 2.028088 6.242093
42 43.219837 25.511660 1.456334 2.200967 8.332954
43 43.257786 25.405069 1.467186 2.395376 9.547376
44 42.952766 25.696901 1.501480 1.885425 15.787248
45 43.154243 25.602879 0.870917 1.972615 14.456766
46 42.997120 25.409956 1.355386 2.735565 2.081685
47 42.955780 25.845705 1.371225 2.113040 9.699045
50 42.890434 25.956188 0.911398 2.644939 11.627112
52 42.839153 25.279480 0.651404 2.615097 53.964493
53 43.703701 25.711052 0.800947 2.301500 11.933955
56 43.093655 25.628807 1.030620 2.113160 17.953188
57 43.675915 25.442919 0.755653 2.729484 41.139992
59 42.668964 25.711187 0.612238 2.506898 44.274853
