%% Trajectory 131
226 43.776672 22.582783 0.923550 2.014903 12.655897
227 43.905090 22.430984 0.977662 2.444647 31.633022
230 43.924240 22.897655 0.962211 2.316623 24.624048
231 43.775677 22.399870 1.170409 2.499833 26.090502
232 44.174988 23.077063 1.446719 2.192672 10.374783
233 43.898315 22.674528 1.192178 2.233392 20.449038
234 44.112804 22.645857 1.579393 2.196222 20.084743
235 44.115421 22.507565 2.475191 2.405365 0.086973
236 44.000778 22.860628 1.942970 2.339866 3.350061
237 44.109222 22.898750 2.714300 2.086917 0.016866
238 44.104649 22.651274 3.507373 2.276625 0.000000
239 44.127270 22.893583 3.254875 2.039679 0.000032
240 44.022491 22.424757 3.151587 2.335364 0.010849
241 44.148800 22.706533 3.482824 2.190656 0.000000
242 44.146954 22.687288 3.605322 2.199745 0.000886
243 44.208958 22.714483 3.311748 2.117246 0.000012
244 43.949287 22.785740 3.511324 2.086650 0.000004
245 44.153912 22.441750 3.410749 2.287819 0.039487
246 44.218967 22.835203 3.665179 2.347905 0.035099
247 43.863346 22.693979 3.696621 2.076316 0.000021
248 44.125423 22.631887 3.282661 2.083019 0.149113
250 44.325905 23.151445 3.205806 2.218499 12.245440
251 44.818699 23.312435 2.386885 2.288987 3.129009
252 44.539242 23.291935 2.397249 2.274019 3.825422
253 45.194160 23.081984 2.205275 2.403890 0.771812
254 44.947388 23.093325 2.271881 2.425691 6.790213
255 45.239311 22.904173 2.265169 2.537696 10.895943
256 44.943077 23.068979 2.130308 2.268250 0.607954
258 45.549095 23.810537 1.933994 2.314246 12.252443
259 45.058144 23.287579 1.552838 2.409525 25.940403
260 45.723137 23.977325 1.476576 2.239168 32.327282
261 45.378006 23.816235 1.943939 2.416201 5.018494
262 45.418392 23.150669 1.476497 2.601453 26.452553
263 45.165066 23.541302 1.561793 2.495735 29.564466
264 45.743916 23.073435 1.079002 2.520828 38.625767
265 45.309277 22.916533 1.472300 2.757551 14.057539
267 45.611591 23.286245 1.600633 2.593391 11.892017
268 45.929581 22.689016 0.957259 2.756217 26.337420
270 45.684006 24.101490 1.348645 2.829555 18.383760
271 45.413532 23.547441 0.913560 2.742661 19.892288
