%% Trajectory 41
67 9.565204 56.467590 0.893296 2.537332 21.787588
70 9.260201 57.281063 0.661333 2.463377 67.456017
71 9.593236 56.677425 1.162227 2.470620 32.269909
72 9.651925 57.203384 1.408062 2.866221 18.634800
73 9.376244 57.186356 1.676850 2.421842 19.474386
74 8.905718 57.032829 1.371311 2.060241 8.351786
75 9.557145 56.887150 1.583145 2.686088 9.089600
76 9.493580 57.085133 1.840156 2.325743 1.950995
77 9.405957 57.559288 2.111042 2.424197 1.773068
78 9.486372 57.164906 2.242868 2.510016 3.704995
79 9.421332 56.973248 2.379055 2.440488 0.461054
80 9.612802 56.762344 2.358009 2.323992 1.748675
81 9.781693 56.990101 2.722670 2.225193 10.132705
83 9.571158 56.964794 1.853560 2.679718 6.673501
84 9.795453 57.127964 2.268892 2.377994 27.804443
85 9.504431 56.858902 2.379316 2.443920 5.169393
86 9.634850 56.892265 2.381392 2.383366 23.103233
87 9.594118 56.877094 2.915579 2.258953 7.435211
88 9.545191 56.992645 3.194167 2.393134 0.003480
89 9.528563 56.998394 3.435239 2.365143 0.000059
90 9.456977 56.846199 2.868082 2.470792 1.422673
91 9.736465 57.052002 3.065709 2.234021 0.000608
92 9.824795 57.260059 3.214613 2.355155 0.003337
93 9.809506 57.005287 3.757261 2.353750 0.000000
94 9.704039 56.910725 2.956025 2.290764 0.010141
95 9.746661 57.135025 2.649752 2.192728 1.154812
96 9.859536 57.164562 3.553245 2.296963 0.000000
97 10.062179 57.011208 3.072470 2.334692 0.000504
98 10.101520 57.181713 3.088348 2.402235 0.109962
99 10.576880 57.298180 2.486971 2.548846 4.849047
100 10.319456 56.718693 2.480938 2.448008 0.380688
101 10.469288 56.648647 1.907604 2.718190 8.540837
102 10.205251 56.444057 1.730419 2.591412 10.054000
103 10.422467 57.100372 2.019168 2.450003 4.025153
104 10.735238 56.974537 1.740505 2.311726 10.323421
105 10.603317 57.248413 1.645555 2.252923 16.553104
106 10.615461 56.995556 1.942123 2.251430 10.061489
107 10.275587 56.943188 1.778273 2.536945 26.619379
108 10.384022 57.048569 1.657674 2.376505 25.981298
109 10.553857 56.550648 1.888946 2.503855 6.877165
110 10.377883 57.090862 2.215002 2.383122 10.131481
111 10.146811 56.485859 1.952586 2.475454 24.521864
112 10.002770 57.136589 2.005787 2.344692 16.640369
113 9.802828 57.142193 1.847263 2.534203 21.717890
115 10.075789 56.355831 1.384393 2.411579 26.768944
116 10.229542 56.428322 0.869347 2.882571 66.793213
117 10.609520 56.410896 1.060325 2.967656 35.092247
