%% Trajectory 168
314 32.953037 69.001976 0.879503 3.009552 37.931568
315 33.199520 69.172020 0.761727 2.291611 14.133012
316 33.899513 68.546089 0.837956 2.466322 45.085682
319 33.704918 68.779549 0.740732 2.615127 35.548561
320 33.735142 68.770554 1.132874 3.075253 33.218044
322 33.203568 68.168747 1.016353 2.798693 55.756821
325 33.747681 69.798965 1.062177 2.523605 41.402737
326 34.125870 69.076126 1.179689 2.427588 12.366610
327 34.088097 69.063812 1.253701 2.425384 21.642254
328 33.996380 68.873940 1.317636 2.741396 13.774897
329 34.229057 69.420265 1.452854 2.194715 4.974388
331 34.037495 69.255966 1.924997 2.386223 9.947393
332 33.691509 69.405350 1.821834 2.310022 11.536126
333 33.942486 68.929405 2.033082 2.337074 11.467711
334 34.032364 69.192513 1.562698 2.155369 6.809667
335 33.839298 69.485146 1.545612 2.489022 5.529326
336 34.192177 69.233253 1.406644 2.295623 7.009806
337 33.899952 69.511559 1.857008 2.259367 7.356372
338 33.950146 69.247841 1.801676 2.511466 5.800738
339 34.187168 69.201180 2.239849 2.532495 0.284955
340 33.818100 69.387665 2.774570 2.315471 0.000032
341 33.860989 69.419632 2.890222 2.247228 0.000476
342 33.919876 69.072899 2.324678 2.565880 9.823073
343 33.940395 69.038345 2.776035 2.761665 1.413407
344 33.870789 69.253021 2.806652 2.150696 0.004169
345 33.913403 69.331810 2.258684 2.442949 12.868873
346 33.699928 68.811378 2.738022 2.582560 0.035056
348 32.716103 68.800087 1.344534 2.430663 20.213802
350 33.107323 69.010963 1.591692 2.406171 6.845965
352 33.217121 68.296143 1.288234 2.236679 12.888870
353 33.381508 68.410873 1.950216 2.711795 10.075583
355 33.509857 68.987999 1.441612 2.203017 11.651658
356 33.287159 68.866989 1.702698 2.102743 15.886408
357 33.702179 68.683464 1.847251 2.223039 11.728965
358 33.725204 68.356834 2.413448 2.256016 1.930676
359 33.688114 68.778725 1.804711 2.354845 16.011335
360 33.770992 68.867119 2.490757 2.309875 5.735233
362 34.414478 68.174568 1.263131 2.338858 24.911095
363 34.499470 67.817413 1.923766 2.713054 12.870075
365 33.285980 68.951218 0.988179 2.623298 30.801741
367 34.183704 68.802719 0.967795 2.273902 44.470032
369 33.740219 68.931671 1.084491 2.073579 31.392475
370 33.829700 68.476868 1.301685 2.534871 34.212650
371 33.549473 68.572533 1.327662 2.787655 24.817739
372 33.213058 69.012001 2.088927 2.632872 14.111765
373 33.537640 68.278351 1.931404 2.407890 15.596307
374 33.359158 68.069336 1.314936 2.256852 26.810743
376 33.743832 67.518974 1.073666 2.321848 51.808029
377 33.034786 67.948303 1.147395 2.752962 58.238441
380 32.856434 66.594704 0.787418 2.437649 70.538132
381 32.484749 65.901932 0.899138 2.426280 76.898460
383 33.032578 64.351151 0.630496 2.678735 67.182159
