%% Trajectory 80
137 78.696831 58.107838 1.301396 2.603649 0.000004
139 77.946068 59.278587 1.278704 2.091039 0.129691
140 77.547523 59.262028 1.502645 2.344012 17.237364
141 77.557312 59.100796 2.074902 2.600348 1.349020
142 78.020599 59.559818 1.478112 2.405452 0.000275
143 77.691826 59.490845 1.771667 2.492280 3.725265
144 77.942688 58.813507 2.143755 2.178890 6.617317
145 78.051460 59.072765 2.307713 2.299577 0.122364
146 77.813927 59.093937 2.759621 2.004240 8.708092
147 78.031776 59.334057 2.556769 2.160325 1.150863
148 77.733284 59.001060 2.636016 2.402098 13.943521
149 78.224472 58.965538 2.929384 2.255135 0.016323
150 77.951454 59.219582 3.101520 2.099916 0.225758
151 78.229416 59.214012 3.088107 2.271082 0.015888
152 78.001251 58.693783 3.147071 2.400270 2.447354
153 78.064491 59.095833 3.616821 2.360653 0.115520
154 77.920296 59.121025 3.649311 2.310314 8.205354
155 77.870598 59.224903 2.771447 2.289500 10.835003
156 77.920334 59.100716 3.157182 2.340307 7.819213
157 77.860085 59.163998 4.132767 2.175663 0.002464
158 77.829308 59.127666 4.061871 2.106625 0.000028
159 77.858788 59.299187 3.697473 2.056063 0.023607
160 77.898651 58.971687 3.646310 2.129548 0.000003
161 77.884964 58.960049 4.053892 2.193377 0.002315
162 77.980621 59.328480 4.136645 2.145610 0.003465
163 77.954308 59.181175 4.269081 2.159198 4.404055
164 77.834152 59.149441 4.120602 2.417603 0.002843
166 77.862160 59.014061 4.164802 2.121883 12.632318
167 77.711639 59.000877 4.474689 2.156013 2.051584
168 77.740501 58.801838 4.564666 2.208337 0.410314
171 77.926117 58.733341 2.884149 2.073546 7.303617
172 77.406494 58.282471 2.545726 2.372137 9.293424
173 77.389679 58.740475 2.542515 2.221148 1.798509
174 77.637825 58.396301 2.407768 2.392529 15.894051
176 77.479515 58.789158 2.513472 2.426601 15.582397
177 77.719673 58.628914 2.140980 2.469121 8.837462
178 77.406868 58.660774 2.196041 2.418412 17.795378
179 77.722954 59.210861 2.142391 2.497045 23.738543
180 77.541023 58.848190 1.818262 2.487883 2.215924
181 77.841301 58.536392 1.857267 2.343836 14.613426
182 77.587425 58.771851 1.981925 2.230973 8.306976
183 77.760277 58.546421 1.355968 2.259647 15.045203
184 77.352791 58.405174 2.032011 2.429847 9.016095
185 77.399193 58.684853 2.201776 2.511674 15.810281
186 77.467873 58.514935 1.789051 2.643200 33.681278
187 77.647438 58.479752 1.536431 2.708003 47.116055
188 77.798271 58.506516 1.587752 2.624346 28.729593
189 77.420815 58.268463 1.408000 2.564106 25.968668
190 77.745796 58.682098 1.148190 1.973788 5.073195
191 78.133293 58.059803 1.215300 2.430925 12.510963
193 77.239540 58.179691 1.917373 2.152590 6.547927
195 77.418373 58.714172 1.906303 2.202319 14.198089
196 77.350395 58.516556 2.252705 2.375177 5.109167
197 77.220169 58.294823 2.276510 2.166228 12.593339
199 77.440620 58.346371 1.765141 2.295890 14.725619
201 77.595100 58.085442 1.720133 2.228184 5.522414
202 78.027000 57.998253 2.277914 2.256971 0.830773
203 77.769447 57.867119 2.201620 2.822102 4.966213
205 77.835579 57.600269 2.500581 2.245146 6.593822
206 78.046951 58.286583 3.154916 2.326733 0.926970
208 78.087906 57.926441 1.810964 2.077720 1.296744
209 78.824280 58.068489 1.419962 2.458992 2.283943
211 78.086197 57.701973 1.754823 2.323340 6.954854
212 78.049538 57.912910 1.939888 2.665819 15.823419
213 78.316010 57.809647 1.468441 2.631274 11.102524
214 77.577805 57.583618 1.566459 2.333174 22.995914
