%% Trajectory 138
293 90.992188 39.394135 1.252732 2.727020 14.130388
295 90.774155 39.045689 1.435966 2.839973 6.041043
297 91.414803 38.677631 1.011853 2.288998 37.426395
298 91.662567 39.113163 1.061128 2.235992 34.563591
299 92.127571 38.736794 1.025950 1.735316 5.605986
301 91.961075 38.746998 1.716156 2.717345 31.493670
302 91.688782 38.785408 2.058311 2.139482 18.362286
303 91.737900 38.932785 1.799206 2.369080 10.082952
304 91.544144 39.076485 1.797576 2.259830 4.078999
305 91.681602 38.709877 2.463788 2.380351 9.614058
306 91.771385 38.722450 2.071252 2.225367 4.876990
307 91.747154 38.914513 2.677622 2.060202 6.752444
308 91.741875 38.828854 2.963575 2.152980 5.679054
309 91.745331 38.898090 3.399589 2.098570 0.852389
310 91.743225 38.853596 2.664888 2.084165 11.654649
311 91.863403 39.002213 2.933976 2.219603 0.001744
312 91.981140 39.162792 3.650796 2.204239 0.007060
313 91.486504 38.875195 3.198472 2.155223 0.000034
314 91.494415 38.883011 3.657786 2.385690 0.000000
315 91.698120 38.761471 3.557748 2.191001 0.000003
316 91.616684 38.944801 3.742865 2.081477 0.000000
317 91.661034 39.096424 3.670977 2.216689 0.000000
318 91.802444 38.870621 3.928210 2.057599 0.000000
319 91.702385 38.843601 4.362998 2.179557 0.000000
320 91.804062 39.010376 4.444380 2.232165 0.000000
321 91.227623 38.823734 3.990620 2.260774 0.000000
322 91.568169 38.806572 4.612151 2.213770 0.000000
323 91.354576 38.981583 5.191288 2.336258 0.000000
324 91.636314 38.803669 5.264860 2.213464 0.000000
325 91.405403 38.967972 5.797480 2.190695 0.000000
326 91.575485 39.089329 5.888009 2.345219 0.000000
327 91.476364 39.085037 5.514579 2.177728 0.000000
328 91.452660 39.099884 5.159389 2.283710 0.000000
329 91.473236 38.783817 5.075279 2.319369 0.000000
330 91.470268 38.869064 5.918908 2.228697 0.000000
331 91.605881 39.087608 5.865669 2.236001 0.000000
332 91.670006 38.904190 5.457460 2.178658 0.000000
334 91.591431 38.901638 6.542782 2.207672 0.000000
336 91.053101 39.109306 4.867311 2.223323 0.000000
337 90.899590 39.507088 4.540798 2.246483 0.000000
338 90.912827 39.432602 4.240211 2.186928 0.000000
339 90.994064 39.605312 3.941042 2.191124 0.000000
340 90.626610 39.969723 3.526671 2.536346 0.000009
342 90.929253 39.498547 2.771214 2.300206 0.155757
343 91.473007 39.710682 2.946748 2.400517 0.000573
344 91.147507 39.594582 2.704127 2.324080 0.054815
345 91.726196 39.765606 2.308949 2.519481 2.561654
347 91.223587 39.394424 3.442914 2.573028 0.000082
348 91.030327 39.728214 2.738932 2.172472 1.687772
349 91.301262 40.027691 3.430890 2.664067 0.000024
351 91.506683 39.736385 3.268939 2.269135 0.005984
352 91.542740 39.777103 3.279694 2.351833 0.006989
353 91.729195 39.691250 2.402968 2.342653 28.576876
354 91.346420 39.867832 2.642384 2.407678 27.776407
355 91.688148 39.898331 2.224119 2.280857 34.668045
357 91.671646 40.057999 2.779946 2.262943 29.577230
359 91.973351 40.118599 1.494016 2.542049 23.848955
360 92.179390 39.993484 1.477721 2.209309 7.831453
361 91.761421 39.345142 1.574021 2.164475 15.838918
362 91.488174 40.209602 1.770469 2.325027 17.725029
363 91.224609 39.912781 2.181228 2.459390 26.355896
364 91.537552 39.975933 2.278384 2.325145 12.471732
366 91.964912 40.041813 1.343819 2.212497 6.733017
367 91.781715 39.849049 2.030116 2.026708 15.386621
370 91.131828 39.103958 1.428867 2.231721 16.673431
372 91.449799 40.118282 1.701382 2.144210 18.705643
374 90.922226 40.217766 1.762003 2.198972 5.272523
376 91.098839 39.210690 1.824564 2.470173 8.181068
377 91.181808 39.434143 2.522337 2.280818 5.800915
