%% Trajectory 121
234 16.446409 46.806656 1.114081 2.040916 9.292526
236 15.993344 46.906300 1.303363 2.142099 30.030018
238 16.744665 46.857410 1.196444 2.503672 26.859966
239 16.068253 47.284863 1.378276 2.134904 9.331033
240 15.891376 46.530727 1.346256 2.608002 29.084677
241 15.771347 46.449265 1.581614 2.618748 28.286623
242 16.145418 46.761257 1.747964 2.340644 19.544703
243 15.925304 46.224117 1.359262 1.974337 29.888281
244 15.901987 46.502731 1.743470 2.122102 6.272058
245 16.084818 46.235508 1.763884 2.067374 14.381593
246 16.075220 46.040131 2.318289 2.183001 0.192711
247 16.218826 46.425465 2.003173 2.251045 19.982960
248 16.179380 46.708221 2.407123 2.310417 0.142337
249 16.228321 46.452206 2.685083 2.220832 10.202047
250 16.212101 46.611656 2.847663 2.612010 11.863276
251 16.041887 46.460922 2.286875 2.396766 15.091777
252 16.063848 46.398994 1.953613 2.183064 6.723076
253 16.022663 46.421467 2.358016 2.172118 1.614979
254 15.927215 46.261726 2.495688 1.991187 15.765511
255 16.014391 46.708420 2.373724 2.276295 9.591920
256 16.210749 46.748932 2.990773 2.262164 11.578350
257 16.179651 46.613087 2.498630 2.299168 15.914791
258 16.151806 46.034603 2.125125 2.189108 18.057217
260 16.171736 46.762302 2.116043 2.099088 12.288178
261 16.495655 46.411381 2.616226 2.559944 1.925663
262 16.850578 46.889950 2.765470 2.056767 7.478136
263 16.978649 46.616844 2.725010 2.107147 5.217762
264 16.781349 46.849892 2.317692 1.972578 11.441913
265 17.002016 46.820328 3.108351 2.055023 1.042672
266 16.867775 47.018200 2.314131 2.106315 16.175314
267 17.065548 46.968487 2.502182 2.169124 7.708282
268 17.215937 46.795662 2.004344 2.221822 8.029533
269 16.983027 47.021431 2.471998 2.049220 0.054052
270 16.953138 46.845016 1.532476 2.000955 28.679855
272 17.646681 46.826294 1.744367 2.732369 2.898369
273 17.399300 47.124771 1.825524 2.034950 6.364322
274 17.417021 46.622990 2.441347 2.146172 9.541970
275 17.074396 47.103428 2.495991 2.392587 10.825714
276 17.350468 46.535526 2.150209 2.466248 16.117277
277 17.554346 46.590515 2.742602 2.365422 12.716789
278 17.657888 46.482227 2.603381 2.454443 14.122793
279 17.205866 46.471928 2.164958 2.508124 19.152056
280 17.327238 46.874844 1.676073 2.247370 2.923738
281 17.118225 47.251060 2.110629 2.045321 16.214674
282 17.252834 47.205421 1.843604 2.645938 33.674522
283 17.501507 47.415649 1.978194 2.731832 14.103567
284 17.480198 47.675278 1.689532 2.419747 13.546655
285 17.459230 46.836185 1.639215 2.570072 22.538094
286 18.065502 46.727619 2.152479 2.679471 10.238688
287 17.273441 46.900787 1.727977 2.521518 8.469386
288 17.181831 46.441601 2.355196 2.086181 4.164408
290 17.357388 47.326340 1.940762 2.826443 6.888217
291 17.243280 47.077087 2.391518 2.031146 13.349420
292 17.098106 46.845127 2.134197 2.256269 13.601467
293 17.592144 46.732281 1.596911 2.177050 8.386403
295 18.133295 46.860306 1.614293 2.415758 9.797141
297 18.115551 47.181324 1.525794 2.911321 19.952374
300 16.586550 46.217884 0.889667 2.818815 21.711729
302 16.931866 46.943554 1.232545 2.243040 1.240090
304 16.809355 47.008514 0.940588 2.521060 20.126789
