%% Trajectory 200
347 29.548100 31.372992 1.389191 2.544301 49.664837
349 28.650888 30.992777 1.430596 2.540551 30.543270
351 28.939453 31.168327 1.522321 2.434844 25.668943
352 28.813663 31.251842 1.925727 2.508563 37.208775
353 28.773314 31.260725 2.575812 2.158653 31.828253
354 28.953016 31.158169 2.238054 2.285288 30.819603
355 28.980436 30.815895 2.107555 2.237770 32.646355
356 28.854631 31.091381 2.672266 2.062500 14.204361
357 28.807394 31.085129 2.645790 2.071760 27.049408
358 28.941019 30.959997 3.020341 1.988162 3.363921
359 28.918859 31.235689 3.264088 2.270478 8.268046
360 29.131798 31.160034 3.007737 2.322057 1.452852
361 28.833815 31.075832 3.252641 2.302628 4.943819
362 28.718088 30.785288 3.220374 2.090940 2.122692
363 28.688318 30.947641 3.463877 2.109483 7.280279
364 28.948874 31.187025 3.894933 2.261106 2.552561
365 28.848177 30.936798 3.062907 2.097600 3.634426
366 29.088322 31.018566 3.511103 2.443376 8.981327
367 28.866543 31.116589 4.382649 2.332977 15.653539
368 28.748796 31.158863 4.121760 2.269724 11.753508
369 28.629683 31.184454 3.960164 2.285100 7.118597
370 28.858818 31.442469 3.900490 2.273451 23.791906
371 29.007126 31.210907 3.824398 2.437399 2.021318
372 28.677765 31.114157 3.927505 2.333578 8.128039
373 29.057604 31.036558 4.095804 2.142734 3.736848
374 28.947405 31.227568 4.234911 2.118610 10.770593
375 29.183838 30.949402 4.693052 2.165444 2.346887
376 28.895744 31.204325 4.929177 2.323716 0.037805
377 28.853615 31.362045 4.390527 2.355791 9.839796
378 28.995405 31.240656 3.503342 2.252070 21.115341
379 28.788000 31.164249 4.193596 2.213526 4.297587
380 28.873037 31.113342 4.491942 2.166910 14.091828
381 28.836246 31.196630 4.464064 2.244523 0.708049
382 28.959969 31.220846 4.517419 2.276345 10.173308
384 29.322104 31.625885 2.768337 2.308448 5.876265
385 29.130173 31.865616 3.718052 2.340830 8.909840
386 28.954042 31.870571 3.461320 2.268086 14.133039
387 29.149662 31.804230 4.054018 2.312835 12.306028
388 29.020887 32.187958 4.150880 2.391642 0.001519
390 28.900753 32.143448 2.822516 2.488925 15.592724
391 29.094412 32.223732 2.073600 2.954632 32.393635
392 28.435635 32.035908 2.242101 2.383665 9.615827
393 28.289782 31.801296 1.842111 2.346030 17.597807
396 27.676739 32.247353 1.274533 2.189682 19.907614
397 27.868244 32.240166 1.938577 2.445055 17.537828
398 27.512405 31.590729 1.611485 2.359400 16.338104
399 28.179478 32.120415 1.983040 2.504920 26.085512
401 27.700562 32.205307 3.501206 2.132719 0.224502
402 27.957630 32.301811 3.274102 2.440406 6.423943
403 27.491419 31.845655 2.842648 2.357298 6.742877
404 27.667154 32.575211 3.000478 2.561105 13.104968
405 28.014990 32.077782 3.177071 2.389121 6.530698
406 27.671709 32.107155 3.172381 2.277483 3.079495
407 28.074268 31.934240 2.759614 1.963004 0.047822
408 27.740511 32.185215 3.269220 2.283359 0.162368
409 28.059483 32.291733 3.409417 2.429282 0.008721
410 27.843580 32.605072 3.488261 2.409402 0.005729
411 27.768486 32.337536 2.764256 2.442605 6.659003
412 27.856276 32.363995 2.367599 2.579656 10.165089
413 28.210346 32.420681 2.670122 2.511033 0.311740
414 27.864096 32.425594 1.831805 2.441220 66.055336
415 28.654081 32.781097 2.006142 2.705746 60.843143
416 27.916624 32.957211 2.343710 2.657830 7.485622
418 29.102819 32.592243 1.803250 2.594436 57.529160
420 28.678116 32.747707 0.954195 2.397510 28.793173
421 28.874794 32.864979 1.771523 2.729247 53.316257
422 28.436613 32.170216 1.426439 2.411977 26.526867
423 28.085432 32.896233 1.149827 2.637248 52.633808
424 27.844664 33.132298 1.150669 2.385096 52.266804
425 28.424183 32.593998 1.525681 2.580812 20.660946
426 28.867367 32.605148 1.721982 2.331591 13.864107
427 28.269943 32.821808 1.557177 2.442626 0.627851
428 28.925291 32.834652 1.907116 2.257910 8.252138
