%% Trajectory 192
338 64.244850 34.850941 1.047197 2.425133 21.353022
340 62.835674 35.175999 0.981671 2.712043 34.101967
342 63.201920 35.681835 1.549967 2.289937 30.384304
343 63.069729 36.087971 1.274503 2.117313 33.788094
345 63.338676 35.119667 1.466587 2.304653 17.294758
347 63.086349 34.966518 1.125351 2.288505 69.683174
348 63.320118 35.154568 1.374132 2.925895 13.533452
349 62.925842 35.319866 1.273726 2.119371 21.267536
351 62.572067 34.959660 1.823938 2.436827 35.285580
352 63.012291 35.121021 1.897328 2.221860 38.292423
354 62.972195 35.193081 3.142640 2.169452 5.922318
355 62.802929 35.432747 2.720563 2.489893 8.627443
356 62.726337 35.218414 2.548795 2.254834 16.494930
357 63.063602 35.066299 2.505557 2.380534 34.244873
358 63.217358 35.212490 2.667491 2.446077 8.894768
359 63.154675 35.191036 2.879658 2.334839 15.359759
360 63.444931 35.067436 2.130581 2.868639 13.805520
362 62.708042 35.321438 2.403742 2.366338 39.431572
363 62.805302 35.219070 3.111637 2.301369 10.204125
364 63.096237 35.212887 3.295997 2.346653 2.707216
366 62.740288 35.296860 4.547951 2.303687 0.071187
367 62.817123 35.354694 4.438822 2.345900 15.653396
368 63.279083 35.396797 3.727475 2.360604 19.877094
369 62.864017 35.449936 4.386168 2.457768 5.558651
370 62.762417 35.312855 3.821354 2.268703 26.171736
371 63.248077 35.413353 4.460910 2.558656 1.950423
372 62.901485 35.196182 4.294191 2.313411 8.109098
373 62.800293 35.390316 4.664261 2.261228 2.950418
374 63.017178 35.447796 4.412651 2.334795 10.761254
375 63.499752 35.922287 4.201813 2.541642 2.353125
376 63.229542 35.963890 3.843670 2.149772 1.223592
377 63.606041 35.987747 3.590741 2.242986 5.182316
378 63.458294 36.230377 3.515775 2.425795 19.818707
379 63.431446 36.123646 3.158829 2.432641 0.059483
380 63.588993 36.043751 3.042306 2.611371 0.799046
381 63.246742 36.341908 3.435989 2.541738 0.053405
383 63.355869 36.639210 3.091633 2.661698 15.537630
384 63.467609 36.185368 3.234262 2.296715 5.381661
385 63.279522 36.061153 2.374395 2.472190 0.842618
386 63.464565 36.410664 2.968418 2.507825 18.564873
387 63.506939 36.273357 2.644876 2.553849 0.033893
388 63.961731 36.247517 2.791060 2.441410 4.785102
389 63.374149 36.017010 2.517201 2.460248 26.318808
390 63.898556 36.017990 2.220737 2.764212 3.719414
391 63.977734 36.048420 2.174601 2.407486 15.484537
393 64.143860 36.045502 2.514480 2.542537 16.358292
394 63.879620 35.926632 2.201388 2.801666 5.021973
396 62.806911 36.108353 1.558555 2.692537 19.558096
398 62.940632 36.836906 1.304346 2.430133 17.698307
399 62.431522 36.485802 1.243844 2.709724 35.287594
401 62.978161 37.202911 1.365061 2.720833 16.234705
