%% Trajectory 153
73 70.139580 36.789978 0.880721 2.982362 92.012329
75 70.900948 36.798065 0.992139 3.222098 44.072723
77 69.815300 36.106525 1.984152 2.487880 0.835872
78 69.520332 36.085796 1.134998 2.854975 91.345032
80 70.363564 36.037262 1.675363 1.934225 2.479552
81 70.200882 35.903732 2.188558 2.240262 0.422939
82 70.625114 36.072227 2.031147 2.454646 0.444266
83 70.137260 35.784485 1.804454 1.940388 0.231440
84 70.113701 35.775299 1.968107 2.542401 0.580284
85 70.051460 36.194611 2.413259 2.150711 0.005622
86 70.239273 35.724472 2.578897 2.371725 0.001872
87 70.345787 35.339661 2.394965 2.442966 0.007749
88 70.162529 36.181145 2.426762 2.351784 0.098974
89 70.135399 35.897266 2.505835 2.460159 2.728010
90 70.349426 35.834576 3.369221 2.303199 0.009991
91 70.374748 35.931622 2.762023 2.087362 0.042872
92 70.252884 36.018208 2.848217 2.307998 0.696939
94 70.395981 35.878983 3.668400 2.161483 4.668152
95 70.283150 36.286213 3.689450 2.493243 0.005231
96 70.421379 36.050385 3.992169 2.407897 0.002082
97 70.021843 35.872074 3.521512 2.239468 0.001715
98 70.283096 36.217781 4.059361 2.108763 0.000000
99 70.224167 36.250496 4.463670 2.222745 0.003760
100 70.129120 36.021645 4.485209 2.179234 0.000000
101 70.169533 36.043293 4.740865 2.074846 0.000000
102 70.137123 36.137333 5.601833 2.207597 0.000000
103 70.133194 36.139767 5.060444 2.055754 0.000000
104 70.202103 36.059391 4.822767 2.108238 0.000000
105 70.112724 36.009281 4.630699 2.232505 0.000132
106 70.141678 36.365887 4.418952 2.343969 0.000000
108 70.268616 36.351780 5.483063 2.279346 0.000019
109 70.223236 36.619587 4.542220 2.389510 9.210506
110 69.842804 36.701633 5.077149 2.197192 0.174939
111 70.088310 36.724213 4.807105 2.288635 0.516897
112 69.641891 36.619614 4.283974 2.361148 0.650507
113 69.762108 36.893620 4.223765 2.088831 0.036361
114 69.611206 36.903458 3.699159 2.052995 4.333314
115 69.983925 36.804291 3.483286 2.167230 11.113892
116 69.439461 36.727512 3.513543 2.411876 12.203709
117 70.018250 36.838211 3.660240 2.092058 10.496463
119 69.469597 36.246868 2.344338 2.607791 7.633331
120 69.589691 36.795620 2.860280 2.426776 0.033202
122 70.082619 36.763859 1.994624 2.594822 29.353434
123 70.604385 37.112820 1.457688 2.837883 10.912621
125 69.634209 36.917053 1.988419 2.455069 27.466272
126 69.195786 36.808254 2.387194 2.415256 18.747110
127 68.912056 36.354504 2.382671 2.304977 18.275349
128 69.119583 36.489540 2.405759 2.538252 26.649883
129 69.239388 36.622334 2.921504 2.318357 14.453175
130 68.677605 36.730099 2.626394 2.093698 13.750744
131 68.812691 36.782745 2.721784 2.573340 20.893623
132 68.391075 36.996578 3.253175 2.224344 6.969912
133 68.612175 36.773006 2.515688 2.292930 22.032246
135 68.929955 36.908363 1.732131 3.375172 0.825651
137 69.082542 36.056805 1.349540 2.870230 36.728569
140 69.201080 37.090622 1.246709 2.019991 19.655739
