%% Trajectory 239
156 69.001991 71.046654 1.423641 2.985452 32.053947
159 69.674095 71.241386 1.259802 2.395721 44.585518
161 68.810349 71.459251 1.414357 2.870059 48.735546
163 69.535301 71.520996 1.376573 2.807686 78.145744
164 68.947830 71.973282 1.225200 3.267932 29.125849
166 69.009369 71.137260 1.028291 2.174956 27.338768
168 69.217865 71.628571 1.749999 2.513945 30.119356
169 68.667778 71.797386 1.272214 3.169122 36.801811
170 69.167740 71.625427 1.722361 2.502140 18.949196
172 69.054306 71.226685 2.654017 2.646555 0.038884
173 68.804207 71.172844 2.708245 2.626324 0.004360
174 68.502228 71.212593 2.356784 2.580028 0.394290
176 69.638962 71.733017 2.275670 2.569992 1.039459
177 69.250999 71.413284 2.274345 3.113623 0.015183
178 69.181694 72.007004 2.030015 2.698750 1.798463
179 69.120819 71.407326 2.083637 2.744720 10.725251
180 69.262787 71.320183 1.750982 2.556143 5.337241
182 69.385880 71.615738 2.833934 2.728394 0.001515
183 69.096199 71.446312 2.480992 2.651523 0.003951
184 69.167488 71.423813 2.263659 2.686749 0.171881
185 69.444664 71.399673 2.762837 2.440780 0.000340
186 69.143242 71.640991 2.540083 2.588640 0.011795
187 68.757027 71.739410 2.450206 2.488888 0.292986
189 69.120934 71.839073 3.425344 2.644289 0.000000
190 69.174416 71.492287 3.221775 2.550422 0.000443
191 69.388306 71.045464 3.511316 2.650861 0.004275
192 68.819260 71.109062 2.859180 3.042276 0.002615
193 68.824127 71.392899 3.376734 2.724733 0.003546
195 69.224739 71.182083 2.801875 2.525108 0.035738
196 69.528191 71.542763 2.439640 2.619151 14.296139
197 69.097900 71.650131 2.533795 2.971943 0.189276
198 69.065498 71.467636 2.514226 2.747484 11.198321
199 69.277565 70.952408 3.291790 2.887028 0.003405
201 68.050407 70.490410 1.828319 2.824259 7.249851
203 69.641129 70.572487 2.537682 2.819099 17.498777
205 69.208794 70.140984 1.707907 2.794256 27.816793
207 69.667221 70.551544 1.646353 2.932436 28.137915
210 69.154335 70.175133 1.643561 3.049299 10.771765
211 68.926636 69.851410 1.220506 3.050733 41.446594
213 69.285866 69.129738 1.249979 3.072902 16.798891
214 69.406090 69.971375 1.431430 2.913960 4.712738
216 69.008072 69.886894 1.693225 2.913947 5.056504
