%% Trajectory 405
276 77.274818 69.127319 1.182190 2.475317 30.755600
277 77.748642 69.213303 1.309212 2.480153 53.192490
278 77.257790 69.879967 1.386229 2.633773 25.321507
280 77.662384 70.226669 1.171539 3.033516 56.368515
282 77.083504 69.929543 1.220153 2.403396 61.498085
283 77.108635 69.240379 1.242842 2.402009 60.040142
285 77.660370 70.140312 1.434312 2.198255 38.736042
286 77.299950 70.195961 1.431012 2.313327 18.742605
288 76.985153 69.949257 1.678371 2.513244 17.744444
290 77.576553 70.081619 1.862383 2.223440 4.127079
291 77.239571 70.189415 1.707547 2.418985 9.326276
292 77.512703 70.435417 2.163482 2.446697 2.224997
293 77.209412 70.337997 2.997613 2.322927 0.386162
294 77.254425 70.052147 3.404252 2.160130 0.007585
295 77.259651 69.985374 2.812465 2.045347 0.000443
296 77.596497 70.232498 3.033998 2.571013 0.000003
297 77.294823 70.328812 3.150613 2.107229 0.002281
299 77.060310 70.161186 2.667782 2.099473 0.001532
300 77.596817 70.256187 2.374915 2.209605 1.052873
301 77.360374 70.345924 2.337370 2.604501 1.757001
302 77.321457 70.071152 3.037004 2.393812 13.266771
303 77.152641 70.210884 3.247314 2.289699 0.096356
304 77.371765 70.359779 2.739165 2.436236 0.000838
305 77.460716 70.168938 3.338400 2.567491 0.042309
307 77.504959 70.220711 4.013973 2.294059 0.000000
308 77.151649 69.933693 4.459637 2.104726 0.316293
309 77.179512 70.026871 4.870125 2.090042 0.013691
310 77.185417 70.043396 4.764404 2.186800 0.094210
311 77.251999 70.354378 4.418061 2.122197 0.004797
312 77.208488 70.077065 5.253269 2.299223 3.152744
313 77.205742 70.077347 4.722016 2.202492 0.000180
314 77.145866 70.162720 4.520311 2.223221 0.000006
315 77.460571 69.949707 4.651924 2.324102 0.000000
316 77.215874 70.070808 4.411062 2.347494 0.000011
317 77.062019 70.030846 5.040723 2.096221 0.000000
318 77.034294 69.726166 5.689184 2.288284 0.000000
320 77.268890 69.390900 3.810305 2.247532 0.002514
321 77.121185 69.303879 3.346298 2.075122 0.671736
322 77.253021 69.218979 2.669897 2.495140 10.736403
323 76.996880 69.220222 2.799816 1.932416 15.611217
324 77.256767 69.351349 2.710142 2.389641 16.291939
325 77.511795 69.861336 1.991431 2.515400 26.222761
326 77.263489 69.222733 1.834711 2.610280 39.326603
327 77.412300 69.281387 1.814093 2.380841 17.237499
328 77.208954 69.156799 2.321899 2.332910 19.506277
329 77.560745 69.217072 1.578060 2.535246 25.115906
330 77.812805 69.115211 1.451055 2.463735 25.675043
332 77.529884 69.215561 1.326306 2.325562 51.954296
