%% Trajectory 409
279 11.764714 47.979542 0.825553 2.158043 36.871155
281 13.098000 48.492596 1.166328 2.014251 47.154388
282 13.030627 48.395035 1.107673 2.282423 48.620975
284 12.097804 49.083492 2.044469 2.201697 1.284040
285 12.195256 48.813293 1.483442 2.417354 44.716640
287 12.643947 48.906143 3.402418 2.143849 0.756980
288 12.559705 48.605003 2.709276 2.244985 12.215394
289 12.859029 48.451313 2.440755 2.198071 1.037263
291 12.660057 48.809158 3.019461 2.405944 0.627545
292 12.699860 48.827057 3.102237 2.341516 0.183782
293 12.638223 48.706409 3.891037 2.248470 0.286087
294 12.605769 48.634907 4.660214 2.355585 0.004937
295 12.606184 48.608398 4.209496 2.455796 0.000396
296 12.807074 48.562153 4.907107 2.373821 0.000000
297 12.805645 48.756023 4.478817 2.184683 0.002281
298 12.291331 48.711903 4.491339 2.262554 0.000000
299 12.610379 48.790367 4.642003 2.278766 0.000000
300 12.762942 48.761314 3.945688 2.309665 0.000066
301 12.629680 48.876099 3.228400 2.589439 0.300591
302 12.492604 48.462009 2.864522 2.475405 13.267977
304 12.604804 48.729931 4.547560 2.308934 0.000001
305 12.690835 48.717327 4.394708 2.302497 0.042309
306 13.013538 48.674595 3.666831 2.284222 1.545850
308 12.685376 48.738850 5.344889 2.102812 0.316293
309 12.734913 48.559532 6.013125 2.414419 0.013691
310 12.751778 48.574493 5.763380 2.353991 0.094210
311 12.825102 48.609676 5.671664 2.345593 0.004797
314 13.337263 48.003803 2.806030 2.295841 0.001254
315 13.268308 48.109222 2.437573 2.553941 0.031780
316 13.193820 47.642342 2.749534 2.615982 9.401158
317 13.157614 47.753223 2.342676 2.295470 21.072031
318 13.231944 47.833801 2.451079 2.273852 23.182739
319 12.859788 47.504898 2.468499 2.109121 11.308914
320 13.384901 47.916851 2.487684 2.195111 9.185625
321 12.813822 47.264755 2.430605 2.167616 14.861724
323 12.917410 47.391525 2.360751 2.218318 21.165653
324 12.649297 47.676460 2.010402 2.613711 5.652508
325 13.368799 47.669052 2.239828 2.457608 27.844687
326 13.414142 47.554607 1.650152 2.389594 53.657017
328 13.289813 46.667782 2.121235 2.695936 21.512453
330 13.851648 47.467152 0.806515 2.303078 12.708663
