%% Trajectory 290
184 18.781288 54.681637 0.788510 2.774639 124.555229
187 17.770948 55.681229 1.147757 2.484588 56.290115
189 17.035192 55.114304 1.445381 2.657292 24.825659
190 17.695826 54.975521 1.783905 2.376342 5.516696
191 17.424629 54.788177 2.229612 2.692961 4.718510
193 17.320406 55.075016 0.883035 2.184295 59.414398
194 17.027607 54.891548 1.237936 2.724237 80.026886
195 17.056721 54.498585 1.494294 2.382630 35.481823
196 17.325697 54.759598 1.374666 2.191041 19.687109
197 17.120316 54.632690 1.804395 2.174071 19.326681
198 16.634283 54.865631 2.340369 2.536049 11.264954
199 17.083773 55.180561 2.012303 2.271962 6.697634
200 17.721357 55.250626 2.249717 2.745167 21.473108
201 17.481886 55.615734 1.649138 2.248991 15.166801
202 17.745979 55.535416 1.863980 2.296716 36.808193
203 17.574062 55.130463 2.190862 2.455485 12.519685
204 17.405479 54.831158 2.826520 2.277004 4.248132
205 17.207378 55.292084 2.808988 2.198257 2.113808
206 16.880808 55.283428 2.959268 2.593581 1.432724
207 17.346222 54.799458 2.987178 2.536179 3.998772
208 17.604904 54.885460 3.290407 2.681212 0.000186
209 17.338211 55.285725 3.580353 2.498539 0.000048
210 17.057049 54.881340 3.027127 2.452649 13.807425
211 17.619102 54.785690 3.074742 2.636302 0.034365
212 17.312357 55.262188 3.499639 2.273587 0.000014
213 17.434593 55.131680 3.431020 2.320431 0.000059
214 17.789011 55.008827 3.869551 2.126721 0.006857
215 17.483181 54.969814 3.676446 2.654415 0.000680
216 17.382126 54.996090 3.421178 2.126825 0.000000
217 17.802603 54.945339 3.750511 2.471431 0.000000
218 17.800285 55.025383 2.992041 2.583898 0.000053
219 17.944931 54.455090 3.025539 2.812024 0.000015
221 17.832010 54.454731 2.013329 2.482376 9.971512
222 18.103838 54.191666 2.626133 2.355343 0.021745
223 17.687260 54.460052 2.694169 2.592038 0.009781
224 17.735973 55.009312 1.998642 2.702841 12.412333
226 17.879496 53.281654 2.462957 2.710466 0.138776
227 17.703001 53.458801 1.781985 2.956561 8.822735
229 17.191629 53.902428 2.280687 2.198099 0.043336
231 17.977814 54.540813 1.109657 3.422542 3.712518
234 17.859152 54.124313 1.304210 3.246084 25.828459
236 17.236977 54.313770 1.362850 2.181855 29.619379
238 17.805613 53.315441 1.369637 2.363559 36.920223
239 17.958570 53.832321 1.405283 1.935370 8.902488
241 18.186480 53.459904 0.988571 2.172864 56.121017
