%% Trajectory 186
113 39.963326 34.145447 0.933673 2.229916 13.399734
114 39.737648 34.319790 1.366154 2.637508 1.988547
117 40.106731 34.331406 1.218347 2.089563 0.609567
118 40.251293 34.242474 1.946513 2.301023 27.417763
119 39.972919 34.617283 1.660316 2.292484 17.477715
120 39.608707 34.164951 1.307704 2.374601 28.977179
121 40.072693 33.984688 1.806530 2.043929 5.996822
122 40.294521 34.748650 1.720740 2.523783 44.668514
123 40.268871 34.311184 1.232574 2.345138 27.849581
124 40.105820 34.213963 1.396021 2.279254 39.051987
125 39.573574 34.069695 2.116176 2.378104 20.540434
126 39.708046 33.943142 2.044372 2.268192 12.715967
127 39.712543 34.209129 2.238630 2.136288 15.087650
128 39.577808 34.265583 2.165736 2.399007 21.647631
129 39.812122 34.558567 2.742793 2.300934 14.429007
130 39.721451 34.716675 2.539973 2.286481 16.560242
131 39.988613 34.416588 2.566200 2.316222 13.221740
132 39.839798 34.384491 2.888980 2.633152 18.688284
133 40.230064 34.459076 2.633383 2.509620 18.029667
134 39.985260 34.693516 2.228200 2.328868 3.837728
135 39.982738 34.380905 2.838514 2.311127 0.671211
136 39.961983 33.916466 2.618937 2.336311 0.288648
137 39.884125 34.109093 3.236568 2.104671 0.006152
138 39.530071 34.215111 3.241878 2.469289 0.032538
140 39.922386 34.357571 4.243570 2.414581 0.000000
141 40.024696 34.413364 4.189039 2.483534 0.000000
142 39.886185 34.401222 3.941356 2.200354 0.000000
143 39.969307 34.366199 3.868668 2.380550 0.000000
145 39.676506 34.620510 4.223619 2.192027 0.000000
146 39.830616 34.327427 3.337080 2.427474 0.005419
147 39.786354 34.420761 4.229957 2.353206 0.000000
148 39.710369 34.364674 4.103214 2.380358 0.000000
149 39.573563 34.612541 4.904806 2.537616 0.000000
152 39.455070 34.573708 2.711211 2.311959 0.000033
153 39.234035 34.571579 2.555555 2.393210 0.003586
154 39.310520 34.633171 2.241325 2.406042 0.355164
155 39.357658 34.209797 2.243636 2.467664 0.060314
156 39.144600 34.800133 1.724355 2.781796 24.550573
157 39.000473 34.724533 2.311088 2.268613 0.062383
158 38.945446 34.583035 2.394448 2.436908 0.053946
159 39.182037 34.794029 2.412486 2.369278 0.051957
160 38.908295 34.703220 1.838658 2.777980 5.238614
161 39.558136 34.470112 1.436309 2.371138 32.216160
162 39.240955 34.526943 1.753698 2.432448 13.444813
163 39.070137 34.554798 1.377039 2.908531 69.240814
164 39.370510 34.575638 1.414804 2.717228 40.792961
165 39.104961 34.836884 2.016828 2.835795 0.387069
166 39.774738 34.809158 1.516404 2.875165 49.897976
167 39.746914 34.790798 1.422667 2.551256 29.802958
168 39.756077 34.268517 1.709343 2.531477 32.906982
169 39.490097 34.860699 1.247195 2.805968 73.248833
170 38.842720 34.645790 1.687706 2.356696 19.392015
171 39.320782 34.980499 1.240569 2.651317 83.310562
173 39.677803 34.729153 1.358481 2.624537 12.651984
174 39.786335 35.371815 0.942905 2.297683 29.519400
176 39.266747 34.496525 1.542732 2.699965 23.807753
177 39.142277 34.892696 1.133023 2.647049 34.661179
178 39.139198 34.597050 1.222253 2.892601 67.836632
179 39.156212 34.040062 1.532166 2.591625 38.786236
181 38.583206 34.970444 1.438570 3.106308 33.666096
183 39.398830 33.792385 1.076321 2.968868 108.798698
