%% Trajectory 463
327 25.863466 56.525230 1.143801 2.427809 34.199146
329 26.284824 56.030376 1.759057 2.413652 19.113262
331 26.036360 55.857258 1.640556 2.642305 44.253738
332 26.195543 56.180073 1.373415 2.587980 48.492424
334 26.448782 55.967644 1.397247 2.250775 10.071372
336 25.942644 56.594738 2.280844 2.241149 9.056746
338 25.693071 56.583904 2.441031 2.335507 3.518942
340 26.283659 56.256989 1.633106 2.808663 5.714608
342 26.140030 56.584522 2.336697 2.135514 1.623231
344 25.952410 56.288551 3.258442 1.973522 0.266294
346 26.032873 56.018768 4.194669 2.153537 7.362363
347 26.221062 55.953529 3.637006 2.383983 8.571094
348 26.002665 56.224072 3.725118 2.196922 6.091535
349 25.897835 56.160461 3.793429 2.485379 9.046972
350 25.991341 56.090824 4.104089 2.591308 15.606007
352 26.203049 56.214626 5.047892 2.244330 0.969787
353 25.820253 56.289536 4.762527 2.287408 7.263272
354 26.179701 56.339458 4.489514 2.366124 15.194599
355 26.070784 56.037621 4.816750 2.212424 17.867250
356 26.011255 56.193710 4.779946 2.353185 10.648829
357 26.068960 56.381916 5.122379 2.287278 1.108707
358 26.230402 56.429737 4.370950 2.280443 10.843029
359 26.287182 56.397739 4.557447 2.352631 3.459216
360 25.858444 56.060863 4.925016 2.355696 9.071204
361 25.846760 56.038601 4.791761 2.122936 13.322358
364 25.848577 56.024902 5.870790 2.401121 0.000001
365 25.967598 55.898560 5.649082 2.727288 0.000003
367 25.999136 55.565647 5.094155 2.562185 0.000000
368 26.228336 55.345097 4.687328 2.048361 0.000417
369 26.245201 55.096035 3.727361 2.041345 1.877336
370 26.162552 55.201958 3.197682 2.295557 3.828786
371 25.752954 55.105270 3.142123 2.271635 0.233875
373 25.848301 55.790951 3.609730 2.637372 1.431622
374 26.002592 55.114613 3.388819 2.122437 0.456293
375 25.738375 55.404583 3.106999 2.379361 4.479501
376 25.658384 55.864281 2.803874 2.492526 4.766827
377 25.444605 55.187977 3.185922 2.261454 14.270168
379 25.299643 55.526035 2.121047 2.351669 8.021516
381 25.359896 55.070103 3.109835 2.454853 13.294001
382 24.638010 55.157852 2.970511 2.525887 13.774488
384 24.834599 55.914162 1.917493 3.269619 10.396605
386 25.250828 55.012661 2.051083 2.228646 20.542240
389 25.097940 56.003624 1.625983 2.584795 42.195881
390 24.600740 55.222969 1.464142 2.392457 40.739349
391 24.360754 54.535347 1.611586 2.835874 23.488951
