%% Trajectory 459
326 33.395180 58.430222 1.514902 2.319273 50.464802
328 33.056538 58.623444 2.030905 2.546636 23.893324
330 34.420971 58.660484 1.342127 2.538052 29.885979
332 34.017887 58.590630 1.750106 2.598168 38.135204
334 33.493233 58.911129 1.516861 3.048442 1.394751
336 34.538826 58.384010 2.576342 2.411187 9.531150
337 34.064999 57.937149 2.899879 2.932497 0.341365
338 34.034225 58.136944 2.970674 2.494490 4.255836
339 34.640903 58.191833 2.669103 2.557329 3.032184
340 34.187771 58.074860 2.743035 2.859839 0.037333
342 34.594524 57.719456 2.786587 2.645200 1.932945
343 34.393063 58.100952 3.296142 2.687181 2.472887
344 34.500088 57.608788 2.803184 2.755311 0.265814
345 34.308609 58.164207 2.802315 2.588990 14.016191
346 34.731342 57.707047 3.413098 2.409106 13.591877
347 34.471653 58.017906 2.786061 2.738630 2.621611
349 34.689842 57.850052 3.424289 2.424247 8.567336
350 34.115410 57.939098 3.921164 2.451312 14.034874
351 34.595905 57.837212 3.675798 2.383567 0.000353
352 34.503811 57.717392 3.843526 2.577999 0.006468
354 34.697529 57.871517 4.527516 2.503049 15.109097
355 34.553619 57.897224 4.511757 2.647347 5.391639
356 33.868191 57.940655 4.779521 2.641704 10.543169
358 34.676105 58.039318 3.696080 2.386064 1.642818
359 34.839321 57.621521 3.873027 2.506534 1.361228
360 34.945404 57.825069 4.195109 2.395269 1.136731
361 34.816879 57.795300 4.657302 2.277641 14.314792
362 34.706707 57.850670 4.499691 2.402179 6.698439
363 34.535786 57.603497 3.775464 2.404473 0.744050
364 35.069599 57.767265 3.451948 2.204018 1.321578
365 34.537186 57.218655 3.913446 2.389092 12.371905
367 34.251526 57.498344 2.711733 2.486037 20.622799
368 34.089417 57.395981 2.384578 2.695273 0.532103
369 34.678371 57.452209 2.073711 2.258636 6.831317
370 34.423923 56.944103 2.552156 2.754225 2.440346
371 33.919720 57.088287 1.767885 2.555857 20.247450
372 34.167889 56.782242 2.374651 2.271955 0.425037
374 34.092690 57.031952 1.375893 2.705079 44.679352
375 33.969238 57.318188 1.763010 2.281417 7.557713
376 34.171917 57.036278 1.524919 2.224566 21.108995
377 34.229031 56.770222 1.717225 2.844549 20.358995
378 33.999680 56.892220 1.990999 2.911664 22.931726
379 34.146824 56.781967 1.544005 2.917853 25.230337
381 34.515606 57.102238 1.226709 2.592041 55.941776
384 34.213947 56.005424 1.104805 2.695425 30.539803
386 33.967110 57.180454 1.195088 2.540637 33.837521
389 33.142750 56.647686 1.214532 2.668628 51.600605
390 32.497684 56.362976 1.074072 2.518181 62.366451
