%% Trajectory 74
92 54.833012 65.483086 1.130139 2.367671 45.633659
95 54.155224 64.612938 1.234555 2.657040 28.940176
98 56.561501 66.000031 0.946611 2.258481 26.063192
100 56.132072 64.796242 1.695923 2.724623 33.644714
102 55.885448 65.674301 3.033478 2.586996 8.105281
104 55.936787 64.958641 1.308851 2.841813 41.988815
105 56.730453 65.244743 1.633876 2.478126 14.357390
106 56.438427 65.362900 1.461111 2.575184 23.959393
107 56.162132 64.805870 1.921826 2.874906 2.200340
109 55.881912 64.277412 1.969349 2.313873 9.812207
111 56.488117 65.368179 2.164573 2.596830 11.720051
112 55.740395 65.076225 1.894833 2.993185 23.769632
113 56.506042 64.938110 2.234528 3.056562 9.635668
114 56.548283 65.241592 2.926091 2.535492 4.397573
115 56.023411 65.220085 2.889735 2.547410 18.687529
116 56.253689 65.311638 2.850661 2.567867 2.288716
117 56.264977 65.088165 3.332901 2.594361 6.630743
118 56.575695 64.825050 3.031020 2.511616 3.869485
119 56.149734 65.350250 3.473635 2.604965 16.372671
120 56.374512 64.905891 3.527791 2.693475 1.445816
122 56.305481 64.798798 2.738573 2.273948 9.002079
123 56.344864 65.093330 3.150635 2.395255 22.434149
124 56.541439 64.990753 3.313931 2.514968 6.077520
125 56.290310 65.177071 3.176267 2.597980 17.731813
126 56.032852 65.041306 2.983329 2.748705 8.829656
127 56.426525 65.139122 3.123354 2.890635 4.403872
129 56.250210 65.819214 4.406856 2.543225 0.000658
130 56.288963 65.601517 3.786633 2.431907 2.085248
131 56.581203 65.101494 4.371511 2.495616 0.096708
133 56.384697 65.210800 3.633392 2.406013 0.000358
134 56.458179 65.220543 4.011287 2.407093 0.000033
135 56.213032 65.243759 3.963902 2.458895 0.336460
136 56.395313 65.060997 3.688907 2.399209 6.263610
137 56.178925 65.023880 3.508578 2.441072 6.974029
138 56.623726 65.199608 3.158741 2.455304 15.825757
140 56.509167 65.388222 3.741484 2.468531 16.904379
141 56.454014 65.217499 3.882227 2.531453 0.622117
142 56.191143 64.982979 3.910670 2.416270 0.056797
143 56.245411 65.252930 3.870499 2.483135 7.353369
144 56.142044 65.335030 3.842236 2.460124 7.486391
145 56.387497 65.028595 4.323797 2.551553 1.693919
146 56.281174 65.098564 4.131136 2.189507 6.374328
147 56.098907 64.908485 4.777309 2.378400 0.058961
148 56.449406 65.188141 4.531668 2.443190 0.011930
149 56.317608 64.911850 4.291554 2.383564 20.127729
150 56.328972 65.117165 3.995938 2.231415 1.219180
151 56.265701 65.077599 4.630272 2.203834 7.850407
152 56.200325 64.920525 5.379962 2.241220 0.759495
155 56.493042 65.120110 3.531880 2.499629 10.942504
156 56.506176 65.078278 3.238021 2.439026 5.042489
157 56.269688 64.847816 2.622842 2.339905 15.421899
158 56.029892 65.002090 2.322093 2.464212 7.739327
160 56.003475 66.634880 1.332558 2.652125 32.730476
162 55.744774 64.730507 1.857402 2.660132 32.185169
