%% Trajectory 44
95 67.971489 22.409101 0.942051 2.079742 14.450046
96 68.195992 22.752331 1.094650 1.995982 19.299463
97 67.870094 22.366064 1.447577 2.213183 26.623192
98 67.942863 22.789373 1.742054 1.905167 5.116094
99 67.727272 22.679083 1.802202 2.264473 38.139896
100 67.941299 22.502192 2.129147 2.112872 11.632743
101 68.064323 22.898876 2.830934 2.144210 4.866361
102 67.965958 23.025856 2.073047 2.014991 2.092033
103 67.710945 23.092125 2.883772 2.248924 29.323946
104 67.681442 23.168756 3.137836 2.076942 17.137205
105 67.811592 23.298594 3.006590 2.141892 19.031054
106 67.908073 23.070953 3.435713 2.149119 22.305437
107 67.942482 23.068848 3.461825 2.177596 10.273757
108 67.963821 23.076162 3.184546 2.195148 16.407423
109 68.205467 23.177864 3.586981 2.135860 1.619216
110 68.043068 23.288792 3.451882 2.155687 2.861291
111 67.878624 23.260740 3.205495 2.196954 0.784722
112 67.872276 23.250517 3.730054 2.196632 0.019024
113 67.791885 23.168020 3.964604 2.174355 0.000592
114 67.921135 23.250599 4.069465 2.116475 0.004897
115 67.966637 23.200737 4.282310 2.118002 0.000040
116 67.894547 23.274841 4.143686 2.178832 0.000165
117 67.792862 23.304134 4.410877 2.287225 0.000011
118 67.826317 23.224920 4.417039 2.135979 0.000000
119 67.887833 23.218931 4.272696 2.035539 0.000168
120 67.884941 23.628235 4.424479 2.135230 0.000004
121 68.170013 23.812397 4.533252 2.187632 0.027231
122 68.044052 23.859005 4.268355 2.194254 0.000312
123 68.368401 23.653833 4.314475 2.260683 0.034842
124 68.582771 23.809341 4.339459 2.191999 0.088315
125 68.540512 23.614368 4.498934 2.329958 9.701998
126 68.654289 23.435400 3.680130 2.373393 8.833279
127 68.447777 23.819708 3.874275 2.327749 20.129705
128 68.606888 23.597923 3.962760 2.409950 8.630159
129 68.352638 23.832615 3.598835 2.217304 14.661281
130 68.518906 23.742516 3.439222 2.403479 0.264793
131 68.496635 23.847069 3.572868 2.305122 7.107131
132 68.397224 23.571720 2.559286 2.413488 10.550493
133 68.438477 23.409365 3.375370 2.460320 6.493741
134 68.530907 23.623316 2.859746 2.470656 7.666766
135 68.858086 23.666452 3.042951 2.294878 20.847116
136 69.102814 23.342861 2.461309 2.279353 58.785107
137 68.911690 23.927555 2.204805 2.417696 41.563576
138 69.726738 23.066275 1.793651 2.735472 4.286669
139 69.573326 23.898973 1.406482 2.263276 12.065882
