%% Trajectory 106
73 42.516708 85.100891 0.502532 2.760761 68.695457
74 42.551300 85.182724 0.647535 2.260858 56.407909
75 42.575058 85.125557 0.815771 2.433932 27.055647
76 42.642262 85.109543 1.353343 2.178995 1.016918
77 42.449501 84.888168 1.283112 2.370218 1.938639
78 42.430912 85.224678 1.225016 2.308734 2.080969
79 42.349182 85.492302 1.213805 2.543207 1.460025
80 42.269131 85.139595 1.476104 2.109471 0.062207
81 42.071995 85.200195 1.876279 2.262217 0.001042
82 42.230526 85.152626 2.172977 2.089916 0.000113
83 42.364376 85.060356 1.761590 2.236241 0.005665
84 42.507652 85.073189 2.115875 2.347319 0.000008
85 42.344067 85.123993 2.314200 2.200727 0.000035
86 42.266827 84.796074 2.690276 2.206258 0.000220
87 42.212856 84.748085 2.828788 2.342002 0.465016
88 42.288757 84.815804 2.849551 2.319747 0.600493
89 42.447170 84.817589 3.022575 2.397603 11.483685
90 42.340878 84.852554 3.296357 2.209567 6.449616
91 42.390907 84.709480 3.133557 2.456074 8.161703
92 42.332767 84.779221 3.275235 2.478526 25.383396
93 42.400848 84.801170 3.731073 2.378892 6.932495
94 42.214649 84.770744 3.815904 2.286019 10.691507
95 42.221230 84.704041 3.330108 2.443601 15.439428
96 42.160866 84.629707 3.443271 2.347027 12.679128
97 42.057705 84.501816 3.560899 2.530353 17.420528
98 42.171200 84.795731 3.438366 2.293185 9.216893
99 42.139809 84.619774 3.605497 2.268914 3.005646
100 42.036343 84.570663 3.745774 2.431573 0.197353
101 41.951366 84.353577 3.558655 2.471381 0.022116
102 41.961475 84.332466 3.818627 2.472042 1.764544
103 42.047314 83.837105 4.379989 2.306803 0.003759
104 41.437595 83.921173 3.947528 2.493596 0.001611
105 40.663143 84.088379 3.198677 2.462746 12.391317
106 39.799713 83.938904 2.381673 2.254008 1.532374
107 39.095543 83.651115 2.354706 2.427399 10.840961
108 38.630947 83.790176 2.637716 2.345253 17.174698
109 38.017696 83.583076 2.282703 2.354221 30.059088
110 38.581017 83.230896 2.181858 2.375599 8.622540
111 37.937248 83.147156 2.548887 2.116687 9.522311
112 38.878212 82.835365 1.845005 2.459632 27.316231
113 38.613178 83.160545 1.688787 2.234907 35.020622
114 39.139168 82.879875 1.502806 2.241168 42.760326
115 39.405903 82.926323 1.220591 2.548778 9.538001
116 39.622295 83.037086 1.330270 2.173534 35.086445
117 40.401627 83.060951 0.725869 2.493477 11.103090
118 39.483376 83.628212 0.766331 2.758113 3.224148
119 39.107128 83.660400 0.768433 2.301755 27.571497
