%% Trajectory 38
78 70.055489 65.402649 1.317555 2.679246 7.596519
79 69.955376 65.311386 1.847095 2.560342 48.503204
80 70.184395 64.998680 1.552587 2.320385 20.488325
81 69.775078 65.385864 1.951044 2.584755 39.649048
82 70.155685 65.321198 2.140508 2.428223 20.184359
83 70.232803 65.711075 1.719837 2.250652 16.828449
84 70.348495 65.802277 1.892154 2.129669 5.041662
85 70.054230 65.694550 2.335124 2.278344 2.154753
86 70.016388 65.738548 2.537871 2.265190 4.703117
87 69.985840 65.658981 2.533608 2.234908 0.263589
88 70.123039 65.780510 3.114964 2.230832 0.984469
89 69.754044 65.848419 3.122088 2.212523 0.026336
90 69.835297 65.771011 3.363076 2.341444 0.784436
91 69.691002 65.731735 2.953797 2.246315 2.924251
92 69.801704 65.764000 3.077006 2.280201 10.459355
93 69.693909 65.880127 3.648838 2.253124 8.296853
94 69.786301 65.926163 3.293006 2.214475 1.736972
95 69.686684 65.928169 3.500929 2.208169 0.024362
96 69.598038 66.100266 3.826309 2.387283 0.061809
97 69.651062 66.072060 3.996932 2.257770 0.024355
98 69.514091 65.896675 4.030226 2.412296 0.004677
99 69.725021 66.008286 4.055801 2.219219 0.013237
100 69.669373 66.033363 3.836809 2.291804 0.001541
101 69.564743 66.152794 4.077613 2.323908 0.000200
102 69.615952 65.854752 4.162772 2.315934 0.022694
103 69.272621 65.984337 4.425912 2.289087 0.182692
104 69.113838 65.697937 4.237666 2.296640 0.290880
105 69.064766 65.595406 4.230384 2.392904 0.001067
106 69.057693 65.476509 4.117166 2.321163 0.000012
107 68.918648 65.405403 3.889908 2.355680 0.115463
108 69.175804 65.119980 3.398874 2.179576 0.056265
109 69.035500 64.634651 4.503325 2.266507 0.000000
110 68.463989 64.226227 3.583455 2.533589 0.057801
111 68.557457 64.158615 3.226458 2.419467 5.093707
112 67.907990 64.390007 3.190388 2.321633 2.611166
113 67.354462 64.097717 3.202716 2.214880 0.924523
114 67.982994 64.414558 2.562742 2.229713 19.699270
115 68.290634 64.288513 2.282277 2.584903 17.956161
116 68.813637 62.412277 1.924634 2.559283 33.928131
117 68.513992 63.098198 1.655438 2.740764 15.767516
118 69.012390 63.596939 1.817026 2.336714 22.145674
119 68.916016 63.037251 1.560369 2.286898 15.513918
120 67.309242 63.300270 1.029008 2.610673 15.268103
121 67.753212 64.908417 0.944370 3.098649 0.731078
