%% Trajectory 37
87 38.248417 58.471611 0.556602 2.508771 40.175900
88 38.778778 57.916466 0.636678 2.913281 35.131096
89 37.288109 57.890079 0.742410 2.434678 39.053333
90 37.206631 57.929066 0.668648 2.540259 45.632328
91 37.524925 57.750416 0.896633 2.715419 27.386745
92 37.242290 57.743141 0.941818 2.540818 33.703510
93 37.405334 58.153339 0.949170 2.380934 9.819932
94 37.831894 58.036335 1.225348 2.420146 4.627407
95 37.843487 57.788857 1.474842 2.554359 20.837484
96 37.622177 57.933765 1.670071 2.605383 20.067307
97 37.628853 57.809330 1.697281 2.426475 20.661678
98 37.676914 58.210121 1.931241 2.460179 11.554881
99 37.784012 57.778271 1.581455 2.551609 15.732745
100 37.761608 57.937187 1.724725 2.510974 26.361177
101 37.722855 58.132519 2.153275 2.638572 25.509449
102 37.796692 58.205154 2.168340 2.733348 23.506292
103 37.865459 58.026245 2.385872 2.595309 23.944679
104 38.165337 57.962437 2.159803 2.704480 26.112904
105 38.083206 57.961670 2.360870 2.579142 34.241421
106 38.219959 58.160183 2.395179 2.666313 28.574364
107 38.151169 57.858952 2.346522 2.683789 23.796700
108 38.176289 57.978058 2.077361 2.689275 17.353531
109 38.109211 58.039497 1.975729 2.805737 11.096343
110 37.909386 57.855427 1.980953 2.740991 11.855113
111 38.161274 57.997280 2.274887 2.668727 17.400967
112 38.208069 57.833256 2.288767 2.505907 13.304897
113 38.195744 58.232494 1.820946 2.626505 10.667495
114 38.027790 58.246838 1.705048 2.523482 19.963335
115 37.810917 58.558254 1.971536 2.602895 28.408752
116 37.645222 58.821304 1.760630 2.674695 26.661114
117 37.539528 58.846409 1.691920 2.477501 9.833501
118 37.218990 58.776142 1.779614 2.500045 30.680920
119 37.502827 58.846264 1.441987 2.506180 13.950710
120 37.402672 58.953083 1.455357 2.376008 9.462639
121 37.354984 58.492802 1.303326 2.575987 11.396649
122 37.640652 59.040749 1.237238 2.479457 4.300696
123 36.737991 59.012936 1.083825 2.394850 7.311291
124 37.212654 58.963428 1.041880 2.304954 7.466634
125 37.104370 59.266739 1.010525 2.333711 20.958582
126 36.527039 59.129581 0.972145 2.636918 37.261436
127 36.429672 59.147221 0.806199 2.403628 26.935141
128 37.006516 59.251060 0.476105 2.602974 30.858932
129 37.196903 59.985439 0.635067 2.651468 22.359655
130 37.404934 58.996960 0.597594 2.237896 36.028145
