%% Trajectory 17
28 39.792702 56.640125 1.028925 2.135568 8.487794
29 40.255497 56.955097 1.206142 1.908670 15.681867
30 40.684959 56.509956 1.296993 2.251411 11.022254
31 40.184338 56.637123 1.518121 2.002185 9.350038
32 40.146976 56.796638 1.291849 1.998045 20.862637
33 40.382832 56.477783 1.317049 2.219339 20.274965
34 40.315491 56.729092 1.487045 2.103401 20.659348
35 40.279877 56.228554 1.628876 2.643497 10.642033
36 40.486763 56.525879 1.543968 2.646648 21.263163
37 40.236412 56.690456 1.645072 2.115327 18.938711
38 40.397533 56.273121 1.955014 2.521178 12.390585
39 40.342587 56.683186 1.927777 2.286046 24.414049
40 40.744503 56.679928 1.719851 2.319075 42.766487
41 40.588215 57.346855 2.042561 2.141009 29.548061
42 40.700542 57.801052 2.257942 2.200086 30.589516
43 40.462219 57.718018 2.288734 2.241598 25.481186
44 40.791393 57.977165 2.264156 2.079702 18.729633
45 40.733025 57.514381 1.747386 2.437493 45.556705
46 40.638817 57.077694 1.928404 1.964108 20.460451
47 40.804024 57.494400 1.773570 2.285150 41.080082
48 40.948429 57.249596 1.603834 2.208624 24.840929
49 40.864506 57.603645 1.787012 2.169966 26.733006
50 41.023045 57.033947 1.594672 1.972455 18.225084
51 40.885571 57.363480 1.703093 2.402061 13.071408
52 41.780323 57.068439 1.296179 2.404123 9.663542
53 42.764946 57.068432 1.552185 2.332848 14.141592
54 42.539654 56.682835 1.083029 2.435795 10.436162
55 43.405712 56.823742 1.287535 2.588525 5.532297
56 43.770851 56.923008 1.362497 2.738448 6.410472
57 44.564331 57.780617 1.137828 2.607670 2.614639
58 44.403862 58.245583 1.320581 2.571526 15.869648
