%% Trajectory 57
166 74.382401 50.075638 0.534575 2.168041 11.664088
167 74.654060 50.352859 0.609424 2.301384 20.213184
168 74.122192 50.142719 0.573893 2.213447 17.615744
169 74.025780 49.885792 0.569085 2.520452 25.203810
170 74.172066 50.162697 0.756923 2.304599 49.863457
171 74.129150 50.004662 0.954052 2.323090 33.519905
172 74.067863 50.001350 1.028368 2.195225 13.704417
173 74.103004 50.283550 1.210351 2.138530 27.566628
174 74.173386 50.259914 1.037438 2.393342 39.801868
175 74.261787 50.425510 1.293979 2.445576 17.208641
176 74.161484 50.144310 1.069515 2.181101 20.594158
177 74.017586 50.192280 1.310227 2.136030 21.009256
178 73.982292 50.077583 1.224945 2.405158 35.630016
179 74.090797 50.207790 1.286659 2.262693 30.970716
180 74.030190 50.216015 1.499014 2.354267 14.415533
181 74.105850 50.324009 1.388877 2.340467 18.119726
182 73.965019 50.414059 1.292215 2.343215 24.458958
183 74.183762 50.205254 1.097453 2.292232 35.416004
184 73.846893 50.079418 1.054707 2.125998 19.750671
185 74.059875 49.526936 0.837483 2.405398 4.491424
186 74.198288 49.321529 1.133227 2.389543 36.467701
187 73.795464 49.554882 1.052899 2.436990 29.079645
188 74.123955 49.996490 0.788499 2.305171 16.663855
189 73.662590 49.739025 0.646202 2.234292 22.883610
190 73.699234 49.743843 0.768490 2.270059 21.211294
191 73.604210 49.053467 0.663953 2.999039 15.754143
192 73.362381 49.533051 0.700115 2.683304 6.035144
193 73.180923 49.837643 0.676658 2.389478 27.904686
194 73.384987 50.239464 0.636696 2.526324 30.176899
195 72.868469 50.348549 0.387094 2.456223 22.797911
