%% Trajectory 19
41 39.293209 92.845161 1.814046 2.129291 6.408703
42 39.637993 92.695656 1.794824 2.382329 14.919618
43 39.474556 92.958931 2.163866 2.348325 5.525836
44 39.514565 92.731354 2.182177 2.470173 10.550111
45 39.424072 92.862900 2.416065 2.390754 11.543550
46 39.262699 92.696617 2.661941 2.301408 8.373397
47 39.396294 92.629837 1.903638 2.342040 5.602149
48 39.638260 92.706200 2.660852 2.367040 15.847926
49 39.604458 92.719070 2.425396 2.351882 38.508278
50 39.600346 92.644066 2.377655 2.342186 30.779118
51 39.645786 92.355537 2.771527 2.304408 13.757128
52 39.573933 92.350861 2.450535 2.433548 18.826384
53 39.509109 92.563591 2.697615 2.458779 23.595383
54 39.463173 92.423683 3.154141 2.455740 10.126193
55 39.380550 92.353020 3.240546 2.427538 27.655600
56 39.515968 92.339035 3.345312 2.554012 28.110098
57 39.687492 92.446838 3.349170 2.323423 19.102270
58 39.731632 92.363396 3.909584 2.336576 2.849380
59 39.733631 92.562889 3.902736 2.410608 10.794818
60 39.716751 92.468697 3.954497 2.477403 9.130524
61 39.605637 92.570358 4.146146 2.461372 3.630049
62 39.442020 92.655777 3.708305 2.391371 11.575459
63 39.664684 92.603630 3.860353 2.459272 2.930590
64 39.519867 92.639854 3.513638 2.566284 14.732732
65 39.774677 92.545425 4.084782 2.433844 1.652607
66 39.415367 92.164246 3.766756 2.278588 4.936635
67 39.815556 92.150002 3.857494 2.347912 10.153826
68 39.882130 92.283165 3.848036 2.428046 9.360088
69 39.824921 92.125893 3.082546 2.511508 3.538852
70 40.262714 92.687447 3.389829 2.552613 2.672057
71 40.190338 92.554466 2.779640 2.605612 1.037374
72 40.651657 92.796013 3.271488 2.420455 0.295035
73 40.513142 92.675636 3.455098 2.665912 1.942740
74 39.947502 91.816727 2.688511 2.537144 14.339673
75 41.096882 92.051498 3.456072 2.357044 10.521038
76 41.451614 92.258644 2.568585 2.951328 11.848620
77 41.164818 91.871933 2.091173 2.875474 46.669342
78 40.908878 91.530510 2.013057 2.668870 24.284063
79 41.853821 91.502686 2.410275 2.788509 44.405022
80 41.277256 91.825752 1.963403 2.735348 23.259287
81 42.202118 90.509773 1.815526 3.238060 11.555472
82 41.235924 90.228745 1.645907 2.751656 21.369568
83 42.579266 92.270531 1.494984 3.538989 7.287545
84 42.803276 91.836349 1.837415 3.111898 31.577873
85 41.342415 90.941902 1.189275 3.260846 1.527464
86 43.871689 91.627640 1.513821 2.996939 4.199724
87 43.478416 91.259598 1.871205 2.796001 45.470394
88 43.410213 91.254448 1.736305 2.673174 32.654922
89 43.684341 91.729385 1.804932 2.885685 22.746906
90 43.930012 92.292099 1.477820 2.990540 32.185680
91 43.825214 91.333794 1.429898 2.675864 75.649910
92 43.795410 91.313629 1.430279 3.190903 9.317954
93 43.729881 91.226151 1.291592 2.573354 34.401657
