%% Trajectory 39
90 64.216499 61.591183 0.988201 2.123956 0.646056
91 63.658062 62.134682 0.996893 2.056117 11.858759
92 64.592285 61.658646 1.022346 2.426951 25.728340
93 64.062080 62.001888 0.933210 2.052766 23.872185
94 64.394035 61.821033 0.961189 2.247947 3.639214
95 64.145920 61.912426 1.280618 2.464975 45.014996
96 64.095055 61.563953 1.235398 2.485897 18.254644
97 63.830547 61.667561 1.519480 2.245373 12.078219
98 63.798599 61.736858 1.433384 2.250983 5.116696
99 63.714142 61.844521 1.484682 2.197568 26.035763
100 63.679352 61.674538 1.587133 2.328113 31.838139
101 63.772476 61.672962 1.447454 2.527355 38.686043
102 63.828316 61.681313 1.969622 2.436414 50.299362
103 64.103668 61.928486 1.524773 2.239644 18.713118
104 63.702328 61.630947 1.503855 2.497502 52.252174
105 64.079948 61.661915 1.694882 2.442335 68.366653
106 63.705177 61.850281 1.555587 2.390202 86.945648
107 63.978271 61.992718 1.819566 2.353112 57.544033
108 63.949326 61.804150 1.359978 2.509964 40.015095
109 63.817764 61.772533 1.714582 2.466914 59.040672
110 64.122345 61.932167 1.598991 2.273680 46.731514
111 63.716164 61.949680 1.818960 2.498161 75.278656
112 64.202072 61.910664 1.834723 2.550243 46.251072
113 63.669624 61.873112 2.279995 2.350224 54.272968
114 64.049065 62.202732 1.612632 2.474171 42.543316
115 63.768452 62.113049 2.047760 2.675820 40.206417
116 63.226177 62.187935 2.223924 2.308033 63.871853
117 62.895752 61.988621 1.874139 2.722560 30.358698
118 63.090019 61.776642 1.587033 2.644357 30.736717
119 63.473286 62.129581 2.177116 2.892020 18.685997
120 64.082680 62.324780 1.915669 2.815343 40.053165
121 63.822582 62.404613 1.678019 2.713502 12.521485
