%% Trajectory 13
26 59.046959 22.342491 3.669249 2.719566 3.139161
27 59.835850 23.049679 4.417968 3.320485 2.789208
28 58.929886 22.322248 3.244563 2.884171 5.327260
29 58.829700 22.135315 3.441884 2.609125 9.795735
30 58.204788 21.791317 2.982117 2.296731 16.286201
31 58.145130 21.646366 3.003535 2.268935 19.608881
32 57.879162 21.720095 3.328847 2.163285 9.717189
33 58.119385 21.628460 4.172327 1.978612 2.854131
34 57.963982 21.638035 3.888182 2.219682 3.128024
35 57.855602 21.592255 3.835104 2.218457 16.958841
36 57.705475 21.666460 4.052083 2.224789 14.328174
37 57.656200 21.915524 3.590614 2.128698 20.267471
38 57.503914 22.172913 3.537827 2.343837 11.916764
39 57.588276 22.124834 3.294089 2.165936 6.488199
40 57.608490 21.856804 3.184407 2.461307 11.411085
41 57.440628 22.061434 3.613339 2.325789 10.261949
42 57.594128 21.916405 3.435802 2.159172 18.818838
43 57.513412 22.294964 3.551508 2.538618 31.413939
44 57.632164 22.264229 3.108674 2.568662 10.753048
45 57.355404 22.195555 2.947226 2.554174 5.939751
46 57.468609 22.086840 2.940625 2.464328 5.376864
47 57.234066 22.368031 2.672148 2.891447 15.186806
48 57.466145 22.844061 3.294203 2.870505 0.427368
49 58.110229 22.841526 4.269721 3.250437 0.308394
50 56.311275 21.934172 2.346334 2.428343 22.057356
51 56.349030 22.203293 2.549994 2.487152 13.432827
52 56.023434 22.147850 1.951898 2.111318 10.479318
53 55.981663 21.913214 1.234355 2.400913 20.486570
54 56.681305 22.656004 1.298535 2.714151 3.378452
