%% Trajectory 82
91 31.055107 41.612354 1.310377 2.196517 24.331446
92 30.826124 41.997955 1.357497 2.139482 29.468719
93 30.800743 42.158798 1.517732 1.931910 2.149445
94 30.991453 41.837029 1.563855 2.087407 14.895760
95 30.797205 41.762566 2.077796 2.104273 4.736392
96 30.899998 41.728477 2.626265 2.041974 1.096200
97 30.727016 41.794952 2.895467 2.082399 2.915661
98 30.669170 41.798409 3.168492 2.051689 0.397913
99 30.897779 41.930954 3.727690 2.019772 0.004231
100 30.862150 41.812218 3.961650 2.045640 0.000003
101 30.939274 41.731113 5.106183 2.001904 0.091582
102 30.955984 41.752338 5.204224 2.134938 0.673041
103 30.947876 41.797497 5.567691 2.076072 1.854754
104 31.016996 41.834892 5.774176 2.078989 3.065489
105 31.097601 41.823208 6.354188 2.081679 0.000644
106 31.126537 41.837547 6.770252 2.098803 0.000000
107 31.253407 41.776245 7.001915 2.115306 0.000000
108 31.193089 41.662144 6.491876 2.294606 0.000000
109 31.326361 41.480179 5.916786 2.405842 0.000000
110 31.378380 41.484573 5.722405 2.536609 0.004683
111 31.313877 41.474594 5.144559 2.384136 0.742987
112 31.282448 41.310432 5.011190 2.355557 3.217572
113 31.215288 41.431217 5.324076 2.343611 3.773190
114 31.357832 41.474995 4.876483 2.531322 3.517345
115 31.521635 41.277676 2.783199 2.447080 18.559553
116 31.676994 40.992954 1.923023 2.196008 10.721388
117 31.736731 41.156052 1.599767 2.202965 11.594437
118 32.119850 41.668831 1.617960 2.361907 7.456488
119 32.230404 41.978039 1.826859 2.176549 4.617148
120 32.502274 42.394089 1.347012 2.446299 21.109678
121 32.502735 41.755024 1.399225 2.648831 25.491957
122 32.812702 42.049881 1.060413 2.184371 14.165747
123 33.175537 41.630589 1.059984 2.156528 28.933954
