%% Trajectory 9
13 42.744408 91.236046 1.510870 2.306548 7.764154
14 42.895931 91.187897 1.917170 2.215799 13.164210
15 42.610199 91.252304 1.856547 2.343340 3.000084
16 42.457386 91.133957 1.960712 2.588685 2.961871
17 42.842289 91.049522 2.443084 2.115044 0.173042
18 42.627460 91.274658 2.762666 2.228242 7.668529
19 42.700653 91.258263 2.656082 2.259352 0.234277
20 42.834717 91.252899 3.404741 2.180727 20.565222
21 42.826084 91.214989 3.646134 2.258945 5.637338
22 42.751839 91.095039 4.069870 2.279052 0.045548
23 42.669529 91.107590 4.370968 2.260497 13.543075
24 42.602093 91.185883 4.126276 2.287178 0.042135
25 42.894722 90.944420 3.754269 2.129070 0.018859
26 42.794319 90.357788 2.644209 2.262620 0.324995
27 42.983467 90.509552 2.202322 2.285304 14.431156
28 43.179440 90.165596 2.111357 2.102583 1.023606
29 43.096188 90.391640 1.916420 2.264563 12.261241
30 43.015110 90.381325 1.710720 2.346234 13.475486
31 43.065624 90.172050 1.719737 2.179846 5.449622
32 43.088631 90.142609 1.564059 2.147839 18.440409
33 42.495968 90.292702 1.423151 2.463331 6.898670
34 42.851109 89.881378 1.400062 2.424365 18.225719
35 42.785473 90.012909 1.081208 2.474368 20.503372
