%% Trajectory 77
139 76.519768 23.595192 0.600134 2.369572 17.408144
140 77.455360 23.802324 0.654912 2.130440 13.592289
141 77.436096 23.875523 0.552261 2.590079 4.467165
142 77.147278 23.850157 0.694455 2.325123 31.661739
143 77.305222 23.612528 1.017281 2.235118 19.389721
144 77.440796 23.709784 1.149748 2.233970 22.413187
145 77.190826 23.511055 1.866340 2.316835 0.711069
146 77.123085 23.547741 1.997750 2.226202 1.761370
147 77.290260 23.487417 2.035911 2.297068 8.406445
148 77.235023 23.604507 2.706370 2.185086 0.909964
149 77.162682 23.578342 3.024034 2.243213 5.920298
150 77.231102 23.593597 3.095632 2.243090 8.417941
151 77.243439 23.607185 3.135881 2.149376 1.858245
152 77.237389 23.590261 3.589874 2.217242 3.749865
153 77.171494 23.571123 3.589732 2.178297 0.243821
154 77.139946 23.734076 4.103688 2.076167 0.060325
155 77.130058 23.686453 4.294291 2.117418 0.052963
156 77.115166 23.850626 4.464208 2.108458 0.001925
157 77.015564 23.645962 3.967804 2.121438 0.213154
158 77.146683 23.620127 5.214376 2.161393 0.000038
159 76.950356 23.741041 4.961041 2.104955 0.084364
160 76.959030 23.708250 5.054815 2.175128 1.480682
161 76.965851 23.707464 5.519398 2.139649 2.951635
162 76.781776 23.832224 5.187313 2.172149 1.784402
163 76.853821 23.702776 5.465399 2.165227 13.321291
164 76.861557 23.785984 5.671544 2.161296 0.009776
165 76.539162 24.269936 3.110279 2.427175 11.651183
166 76.232857 24.612139 2.238742 2.335757 16.813009
167 76.425674 24.718811 2.390853 2.335565 2.615957
168 76.321220 24.819296 1.684369 2.369026 14.349282
169 76.365540 24.928974 1.625694 2.319239 13.743772
170 76.417633 25.672070 1.460262 2.590936 14.415992
171 76.872841 25.598007 1.096002 2.670547 14.797396
172 76.202820 26.142447 1.172368 2.570118 18.475616
173 76.680656 26.276014 0.945472 2.367463 26.551954
