%% Trajectory 12
17 63.572136 48.958057 0.839386 2.378511 7.331447
18 63.639374 48.586945 1.276534 2.343574 13.030194
19 63.810757 48.371059 1.274763 2.233297 22.132404
20 63.670349 48.455093 1.718884 2.351097 6.563016
21 63.451115 48.604816 2.282439 2.310189 3.277806
22 63.644547 48.638336 2.217867 2.098824 5.531692
23 63.391537 48.587936 2.727961 2.359523 0.001018
24 63.519154 48.581470 3.037087 2.344650 0.380137
25 63.069935 48.963898 2.622903 2.130177 6.456839
26 62.972961 48.873959 2.380884 1.985598 15.317720
27 62.689091 48.859425 1.737803 2.055401 2.551262
28 62.670757 48.511726 2.023497 2.451597 5.970180
29 62.807930 48.571644 1.654770 2.427903 10.710249
30 62.780964 48.667141 1.358342 2.190351 29.781404
31 62.892258 48.233490 1.359367 2.120716 19.537928
32 62.813534 49.036243 1.231275 2.638635 26.331778
33 63.066010 48.926956 1.184682 2.142572 15.045349
34 62.778439 48.606373 0.779520 2.513178 64.621620
35 62.766045 48.728157 0.640822 2.769640 106.712036
36 63.823601 48.788963 0.547975 3.057565 89.303200
37 61.996323 49.288330 0.754454 2.381990 57.515606
38 62.864220 48.853603 0.635701 2.222575 47.972015
39 62.523262 48.661961 0.778149 3.034113 57.776478
