%% Trajectory 7
7 75.794250 72.713455 1.071570 1.864068 11.540215
8 75.428406 72.599541 1.083409 2.231214 21.764378
9 75.768555 72.793190 1.477316 2.079713 7.594300
10 75.692810 72.899078 2.192898 2.037148 14.150673
11 75.404671 72.855690 2.341395 2.094748 2.984266
12 75.356392 72.725388 3.073752 2.115735 0.682769
13 75.352180 72.841095 3.183083 2.092517 12.976867
14 75.373985 72.710289 3.217356 2.263089 7.772180
15 75.350182 72.890457 3.885990 2.118569 4.016875
16 75.353416 72.810089 3.764371 2.075303 2.043355
17 75.349609 72.733345 3.922345 2.121526 6.801184
18 75.227409 72.826141 3.883549 2.057103 15.148980
19 75.300903 72.810600 4.721707 2.081661 0.659143
20 75.211525 72.689888 4.234691 2.240197 8.819426
21 75.066879 72.650360 2.818793 2.115126 9.390335
22 75.266121 72.588402 2.362345 2.262875 22.346136
23 75.143600 72.481552 1.761778 2.192456 27.159632
24 75.039040 72.143539 1.328565 2.214047 21.102222
25 74.796791 72.089996 1.247914 2.496370 52.174381
26 75.172722 71.852180 1.048299 2.353742 34.203701
