%% Trajectory 23
40 47.128258 58.851330 1.172298 2.286224 14.234616
41 46.961540 58.790020 1.672277 2.225273 22.747730
42 47.127716 59.220760 1.409816 2.254740 16.782597
43 46.902107 59.294891 2.285693 2.181058 20.411880
44 46.892982 59.004890 2.187691 2.057214 20.254059
45 46.939449 59.005291 2.321980 1.919389 8.387527
46 46.902088 58.943192 2.594521 2.057700 5.894602
47 46.872959 59.020119 2.724351 1.977275 12.254569
48 47.029598 58.721966 3.337939 1.958376 14.622364
49 47.040722 58.888306 3.404733 1.998653 10.557218
50 47.011818 58.972897 3.562330 1.989194 9.526264
51 47.015572 58.997849 3.978618 2.039016 14.781376
52 46.982670 58.861431 3.753832 2.027009 1.344508
53 47.288670 59.189548 3.259266 2.266135 0.007456
54 47.398087 59.301563 2.208243 2.210327 5.832216
55 47.353992 59.480453 1.804719 2.249193 14.802561
56 47.823921 59.498611 1.715233 2.203130 5.851766
57 47.555035 59.440674 1.975032 2.281453 19.648645
58 47.764339 59.344162 1.906237 2.376944 12.690120
59 47.789806 59.179344 1.162395 2.027931 38.592716
60 47.463676 59.147514 1.296612 2.218794 21.694984
61 47.490871 58.649734 1.060179 2.357141 24.529152
