%% Trajectory 29
98 66.943764 22.789532 1.742481 1.905463 0.000066
99 66.727539 22.678429 1.802148 2.264436 25.155016
100 66.940941 22.500963 2.132290 2.115043 9.280862
101 67.064545 22.898861 2.829782 2.143945 4.742424
102 66.966263 23.026148 2.071457 2.014056 0.214096
103 66.709961 23.091444 2.885263 2.250678 29.426382
104 66.681107 23.169022 3.139503 2.077364 17.403135
105 66.811478 23.299192 3.005814 2.141566 18.848228
106 66.908310 23.071371 3.436731 2.149349 22.275192
107 66.942223 23.070021 3.457312 2.176993 10.466720
108 66.964249 23.074858 3.181473 2.192883 16.347729
109 67.205582 23.177799 3.586848 2.136126 1.624619
110 67.042809 23.288816 3.452210 2.155782 2.863091
111 66.878593 23.260712 3.205582 2.197000 0.785303
112 66.872536 23.250757 3.729346 2.196537 0.019219
113 66.791718 23.168108 3.963689 2.174431 0.000596
114 66.921173 23.250536 4.069120 2.116565 0.004860
115 66.966423 23.200895 4.281913 2.117992 0.000038
116 66.894096 23.274973 4.143813 2.178846 0.000164
117 66.792900 23.304209 4.410886 2.287143 0.000012
118 66.826431 23.225008 4.417053 2.136442 0.000000
119 66.893990 23.220379 4.256991 2.031869 0.000194
120 66.885086 23.628330 4.424345 2.134966 0.000004
121 67.169670 23.812584 4.534772 2.187824 0.027913
122 67.044365 23.858606 4.268145 2.194281 0.000310
123 67.368233 23.654076 4.313605 2.260125 0.035147
124 67.582901 23.808922 4.338274 2.191948 0.088715
125 67.540474 23.614426 4.499113 2.330005 9.682191
126 67.653824 23.435247 3.679681 2.373220 9.139344
127 67.447769 23.819855 3.873610 2.327504 20.069281
128 67.606712 23.597845 3.962952 2.410219 8.636333
129 67.359077 23.832502 3.599875 2.221510 14.543577
130 67.519043 23.742626 3.438808 2.403298 0.281374
131 67.496796 23.846949 3.572741 2.305006 7.106573
132 67.395294 23.569094 2.562336 2.415105 10.476328
133 67.438927 23.409040 3.375605 2.460158 6.869236
134 67.530663 23.623182 2.859979 2.470595 7.603855
135 67.867760 23.668020 3.029561 2.284786 21.096115
136 68.103172 23.343002 2.460698 2.278176 58.131943
137 67.919830 23.906973 2.228231 2.424816 40.795868
138 68.729836 23.066322 1.794791 2.734157 3.609559
139 68.573196 23.899836 1.407924 2.263664 0.869240
