%% Trajectory 78
145 74.813805 65.105232 0.701226 2.136207 32.860329
146 74.595108 64.532341 0.624521 2.345027 85.734138
147 74.700790 64.614517 0.931797 2.464840 37.745335
148 74.075195 64.803123 0.846584 2.140004 28.243402
149 74.425705 64.404564 1.379227 2.427970 9.026842
150 74.563370 64.788513 1.124427 2.229517 26.545761
151 74.475975 64.546791 1.405012 2.499727 6.560550
152 74.635117 64.691414 1.495872 2.220997 11.636865
153 74.697342 64.622299 1.496250 2.324374 4.174627
154 74.594879 64.609627 1.418567 2.229045 13.406734
155 74.530670 64.683037 1.715224 2.462066 1.341474
156 74.529350 64.717010 2.198586 2.379481 0.001962
157 74.346809 64.863136 1.957264 2.351524 0.236366
158 74.326996 64.638390 1.997913 2.482984 0.005123
159 74.340759 64.458870 2.687059 2.560515 0.000002
160 73.501709 64.077179 1.618574 2.882854 0.920025
161 73.677673 63.862465 1.358246 2.550185 3.433363
162 72.685707 63.835640 1.372590 2.672672 6.357416
163 72.701820 63.640297 1.450273 3.004197 1.652413
164 72.962959 63.722626 1.076662 2.568142 24.114216
165 73.242668 63.894398 0.568703 3.286242 96.077858
