%% Trajectory 9
15 78.703499 55.335724 0.214125 2.327271 30.029982
16 78.772758 55.649761 0.276918 2.331818 40.789696
17 78.050323 55.662575 0.341346 2.255161 53.898403
18 78.539284 55.700455 0.361969 2.492788 52.846596
19 78.561630 55.790775 0.431282 2.332136 66.725555
20 78.637039 55.884926 0.345287 2.331963 56.353737
21 78.581787 55.821018 0.377383 2.513311 63.795200
22 78.525711 55.770641 0.364387 2.615423 38.425369
23 78.519096 55.812782 0.409436 2.332139 50.182346
24 78.407005 55.921303 0.461653 2.189918 43.710236
25 78.429199 55.776390 0.397031 2.446703 45.232323
26 78.364296 55.899700 0.498817 2.293195 45.144451
27 78.144958 55.948376 0.509882 2.195844 26.040817
28 78.306465 55.758942 0.487174 2.328062 36.165180
29 78.269325 55.831619 0.495043 2.193732 26.772797
30 78.209686 55.972198 0.573352 2.223619 44.257977
31 78.316582 56.001507 0.498461 2.253786 57.132008
32 78.373962 55.928570 0.581083 2.282471 40.495117
33 78.046844 55.791214 0.599364 2.245265 34.853519
34 78.262093 55.892704 0.624718 2.263295 33.647381
35 78.229584 55.886974 0.601752 2.371496 68.038170
36 78.185654 55.850975 0.619928 2.345233 54.722221
37 78.305473 55.805557 0.602749 2.536397 65.521759
38 78.098038 55.762337 0.557259 2.450258 55.326332
39 78.182503 55.639359 0.549889 2.488686 60.179344
40 78.108101 55.645550 0.595396 2.503931 55.479355
41 78.068336 55.652794 0.584462 2.564519 78.064186
42 78.102921 55.721245 0.544770 2.621951 55.691448
43 78.093353 55.589012 0.570910 2.490152 82.014664
44 78.111298 55.725544 0.548814 2.470076 67.932625
45 77.886879 55.671513 0.622047 2.691032 41.833862
46 77.605629 55.407284 0.612245 3.006783 29.274302
47 77.627357 55.507469 0.658056 2.790411 39.134029
48 77.368713 54.814068 0.790015 2.863820 23.994276
49 77.346413 54.757832 0.805623 3.051590 20.187471
50 77.170647 54.193279 0.794222 3.121087 11.110663
51 77.122208 54.772556 0.767526 2.885843 28.535452
52 77.221771 54.692963 0.780348 2.981555 25.418150
53 77.123489 54.059990 0.814752 2.918084 31.082251
54 77.089485 53.356594 0.623451 3.131150 13.967272
55 76.917686 53.104446 0.722045 2.952041 39.235912
56 77.108421 54.014359 0.757893 3.060418 27.991121
57 76.922089 53.375366 0.781398 2.950306 42.302868
58 77.055122 54.736099 0.625533 3.248925 7.063184
59 76.751556 53.158932 0.606237 2.915480 45.196278
60 76.718399 53.204342 0.648007 2.881447 42.246357
61 76.473442 52.336712 0.456823 2.811530 54.926819
62 76.411964 52.042625 0.441655 2.712769 93.124596
63 76.522461 52.091179 0.513070 2.483597 69.993973
64 76.385490 51.680378 0.472509 2.478022 73.970253
65 76.432571 51.940220 0.479811 2.297413 75.303421
66 76.373055 52.060093 0.495663 2.477032 91.288139
67 76.538254 51.663868 0.583413 2.485296 84.335983
68 76.411446 51.713150 0.530646 2.337701 80.065941
69 76.259201 51.713997 0.455154 2.265948 78.103226
70 76.418098 52.421024 0.478168 2.380067 100.074478
71 76.355537 51.876240 0.441402 2.461776 94.382896
72 76.445770 52.031616 0.425550 2.386591 85.695282
73 76.111481 52.402645 0.371733 2.386100 65.055008
74 75.765572 52.379623 0.339712 2.424610 88.057739
75 75.620163 52.874561 0.225450 2.435476 78.179916
