%% Trajectory 19
42 79.027245 57.206650 1.133903 2.222221 29.033039
43 78.557716 56.370316 1.054650 2.304786 1.325861
44 78.305435 56.748661 1.400256 2.503221 17.456213
45 78.338951 56.933521 2.265133 2.163922 1.363090
46 78.530861 56.735096 1.998581 2.278014 14.183597
47 78.495728 56.655170 2.323195 2.284558 5.770295
48 78.513191 56.736412 2.889124 2.331982 6.171554
49 78.384430 56.688534 3.308605 2.200012 16.022743
50 78.281845 56.609051 3.705040 2.243687 14.295666
51 78.417130 56.756260 3.543573 2.158204 9.972398
52 78.376152 56.719776 3.454583 2.129346 13.452933
53 78.465973 56.591045 3.717115 2.322855 8.104207
54 78.214722 56.853859 4.069411 2.117336 14.806382
55 78.043068 57.083649 2.984023 2.037834 6.355869
56 78.142113 57.077160 2.194798 2.066756 0.972612
57 77.891289 57.274811 2.479647 2.185904 7.605139
58 77.882683 57.326260 2.316533 2.192073 2.046787
59 77.747452 57.738964 1.953872 2.217021 21.183762
60 77.841225 57.727226 2.148575 2.320453 22.426825
61 77.545807 58.117775 1.954587 2.762583 6.644176
62 77.873474 57.842167 1.245760 2.433522 1.250327
63 77.392906 57.477955 1.596884 2.835272 3.974012
64 77.046204 58.141510 1.711490 2.597230 13.498190
65 77.845551 59.527077 1.788092 2.424451 0.000581
66 78.000610 60.049465 1.458221 2.568042 0.175083
