%% Trajectory 9
1 42.814388 89.989967 2.028779 2.581705 3.987987
2 43.093494 90.044449 2.157699 2.214762 13.660427
3 42.839966 90.189049 2.048677 2.132021 6.053317
4 42.666473 90.292458 2.258788 2.216743 12.802114
5 42.905251 90.286522 2.320951 2.279885 11.591372
6 42.903625 90.155441 3.188641 2.231550 6.404081
7 42.912052 90.019295 3.242150 2.198342 3.528203
8 42.910419 90.011360 3.582503 2.238768 5.411801
9 42.998890 90.137070 3.953710 2.147629 3.251691
10 42.910233 90.023872 3.737596 2.105329 2.398582
11 42.877693 90.118301 4.079716 2.149455 8.287833
12 42.687958 89.773613 3.591888 2.198561 1.309867
13 42.940594 90.060867 3.802680 2.097059 24.681309
14 42.844337 90.109528 4.130835 2.160546 1.798522
15 42.858734 90.007019 3.663485 2.176965 11.421388
16 42.764603 89.957642 4.245739 2.209180 1.029535
17 42.865219 90.036842 3.998440 2.143601 6.630363
18 42.796124 89.747780 4.419351 2.265311 1.380019
19 42.828575 89.767204 4.540784 2.185639 0.091671
20 42.896275 89.754219 4.669475 2.365193 0.008225
21 42.922207 89.865639 4.607305 2.158186 0.055343
22 42.959225 89.890434 4.735330 2.173801 0.091924
23 42.951111 89.865074 5.263263 2.168431 0.000067
24 42.841587 89.779114 5.214014 2.195303 0.042873
25 42.950706 89.631439 5.075177 2.299769 0.302944
26 42.895077 89.592636 5.438742 2.383361 2.824084
27 43.083893 89.440140 6.051486 2.375649 0.000392
28 43.275692 89.554031 5.541297 2.459409 0.446004
29 43.223057 89.696259 5.960135 2.380414 0.021457
30 43.161045 89.562744 5.363008 2.387000 0.103838
31 43.097031 89.564240 5.856225 2.405986 9.496966
32 42.936813 89.400482 5.794642 2.320329 0.765556
33 43.030308 89.434044 5.396834 2.277838 0.002513
34 42.961960 89.261658 5.576760 2.260779 0.053739
35 43.202599 89.405006 5.313941 2.342892 1.485041
36 43.098919 89.441917 5.689541 2.326516 2.008498
37 42.532516 89.184509 4.898608 2.492151 8.510479
38 43.404655 88.756592 3.124299 2.548138 8.824425
39 44.439247 87.921989 2.131279 2.541612 20.178623
40 45.915104 86.860741 2.316981 2.679864 22.063251
41 45.955254 87.019180 1.456227 2.357713 3.876662
