%% Trajectory 114
219 61.127369 84.678146 0.759531 2.285291 92.394905
220 60.705887 84.575249 0.944162 2.323650 43.983410
221 60.684387 84.658920 0.862807 2.269080 68.847519
222 60.922176 84.792183 0.863101 2.106751 33.744812
223 60.805286 84.674034 1.429641 2.172738 17.938671
224 60.784023 84.812546 1.545967 2.314918 17.947311
225 60.616714 84.505394 1.866306 2.477325 18.812195
226 60.719208 84.354439 2.133458 2.356653 11.649666
227 60.676071 84.167633 1.812519 2.249663 9.972448
228 60.795074 84.672768 1.871243 2.253368 17.138569
229 60.900906 84.615356 1.668645 2.369514 24.946321
230 60.910210 84.477310 1.696503 2.203697 13.942256
231 60.817852 84.428535 2.172460 2.198033 2.203825
232 60.687111 84.516685 2.122696 2.267296 7.938282
233 60.697739 84.483871 2.176791 2.286338 13.350417
234 60.770844 84.629395 2.304908 2.086244 12.057144
235 60.663429 84.420937 2.482941 2.241347 9.561053
236 60.712055 84.252831 1.842970 2.083368 5.431199
237 60.384533 84.119827 1.468605 2.171429 14.713393
238 60.722256 84.001205 0.566789 2.184910 13.104171
239 60.251804 84.268028 0.503646 1.958499 42.067394
240 60.148594 83.560547 0.834349 2.448004 25.603224
241 59.590107 84.062782 0.688446 2.160199 25.048754
