%% Trajectory 80
207 60.900009 84.055481 0.853005 2.084007 3.696846
208 60.444248 83.832230 1.046750 2.252014 18.983490
209 60.722439 83.930710 1.265817 2.132805 1.096556
210 60.587505 83.722748 1.462596 2.528309 24.201395
211 60.579838 83.843277 1.485547 2.189247 17.668819
212 60.622654 83.701118 1.799575 2.119487 6.176821
213 60.690147 83.767326 1.825978 2.347144 20.378086
214 60.552368 83.403130 1.509594 2.199554 34.520996
215 60.671490 83.831375 1.849362 2.001757 9.964526
216 60.394062 83.575974 1.746445 2.232441 22.797003
217 60.486736 83.711441 2.235110 2.265470 20.607948
218 60.363609 83.700470 2.800542 2.233731 24.261715
219 60.461136 83.390343 2.714061 2.443709 18.059097
220 60.272560 83.419762 2.602222 2.265116 23.531826
221 60.312817 83.583000 2.614383 2.482182 17.344643
222 60.287426 83.347214 2.789847 2.364229 15.735358
223 60.376472 83.402573 2.997050 2.424215 2.025380
224 60.125057 83.502922 3.240911 2.723601 1.855164
225 59.840904 83.519829 3.266855 2.457837 3.514138
226 60.016724 83.625244 3.589200 2.514890 0.595077
227 60.272522 83.650894 3.339849 2.398125 0.800969
228 60.539913 83.458687 3.355257 2.574284 0.076882
229 60.338398 83.390373 3.355237 2.336610 5.794345
230 60.654137 83.349243 3.240504 2.392421 2.134974
231 60.524021 83.218216 3.124404 2.343218 2.429901
232 60.503132 83.237770 2.994359 2.414449 1.754662
233 60.464706 82.990097 3.431143 2.189126 0.083172
234 60.294403 83.345657 3.187610 2.336520 2.820345
235 60.376423 83.138947 2.769445 2.351848 29.991238
236 60.183376 83.362946 3.075825 2.276083 1.280947
237 60.128307 83.281189 3.008648 2.222203 0.533987
238 59.816360 83.142525 3.405018 2.198629 0.000664
239 59.751637 83.097870 2.535307 2.284695 8.163688
240 60.216694 83.193863 2.563649 2.328809 6.271835
241 59.927670 83.630539 2.465004 2.393074 3.588546
242 59.967896 83.452461 2.057015 2.309181 14.007632
243 60.097797 83.742645 2.216460 2.093505 0.323823
244 59.969429 83.739555 1.886806 2.287750 19.709015
245 60.002262 84.106033 1.789299 2.364826 13.055528
246 59.392662 84.459877 1.442761 2.486965 23.668331
247 59.403332 84.389626 1.303614 2.490183 29.437025
248 59.539410 84.646835 1.461626 2.342418 16.029877
249 59.197105 84.341194 0.995448 2.638642 28.573446
250 58.726414 84.248695 0.832728 2.358976 31.725700
251 58.512367 83.943642 0.487684 2.199565 31.295300
252 59.660069 83.667496 0.604259 2.498290 59.897453
