%% Trajectory 17
52 39.420082 93.924011 0.783675 2.625850 9.402940
53 39.236217 93.923134 0.717020 2.156651 27.575516
54 39.397991 93.839539 0.837443 2.265802 23.853491
55 39.181309 93.527763 0.983957 2.381113 27.897692
56 39.257687 93.726593 1.074892 2.131629 25.213564
57 39.147671 93.756790 1.508270 2.110632 6.442322
58 39.124275 93.761742 1.668399 2.070924 12.439196
59 39.297215 93.764664 1.846151 2.215998 17.092606
60 39.269241 93.680260 1.793489 2.261131 11.884749
61 39.132431 93.827988 2.054157 2.072489 3.815336
62 39.270088 93.698204 2.005516 2.185594 12.394531
63 39.244808 93.755745 1.879576 2.203302 15.780328
64 39.336803 93.844101 2.060901 2.074331 10.926056
65 39.315338 93.176254 1.594874 2.327670 9.657356
66 39.484249 92.901680 1.069459 2.375909 12.675837
67 39.540829 92.828720 1.067709 2.541944 20.478464
68 39.663361 93.147087 1.024724 2.346670 20.499655
69 40.009640 92.754433 1.067365 2.521762 15.412638
70 39.865856 93.226723 0.810657 2.546782 35.296997
71 40.033298 93.048691 1.057697 2.636109 17.668743
72 40.371868 93.050232 1.001532 2.895657 3.912394
73 40.493130 93.255524 0.916815 2.738925 16.481302
74 39.777225 92.173416 0.633932 2.519155 13.734373
75 41.228024 92.779327 0.894101 2.749172 16.179859
76 41.628410 93.095482 0.737129 2.763027 24.729729
77 40.925941 93.031128 0.760248 2.711485 19.421875
78 41.152294 92.242592 0.742879 3.122432 3.884634
