%% Trajectory 14
19 37.764591 54.371841 0.761256 2.359686 41.474319
20 37.820187 54.269295 0.977431 2.096971 7.780626
21 37.874584 54.079605 1.204694 2.131523 19.588709
22 37.777802 54.091759 1.451439 2.056527 10.691647
23 37.702961 53.957905 1.370963 2.035447 14.528062
24 37.910480 53.897827 2.189248 2.177098 0.382148
25 37.923847 53.958332 2.201382 2.077713 6.472654
26 37.747013 53.960896 2.305739 2.030429 15.317727
27 37.760891 54.024899 2.655187 2.053832 0.236903
28 38.087078 53.971737 2.063195 2.007076 5.983035
29 38.049625 54.386154 1.694602 2.111084 10.578340
30 38.415649 54.516121 1.348877 2.363158 35.864799
31 38.481098 54.632225 1.153496 2.460625 24.818855
32 38.536854 54.413101 1.249884 2.476238 21.478355
33 38.809849 53.986481 1.542730 1.986250 7.850371
34 38.593777 54.192650 1.170080 2.165743 8.557700
35 38.589661 54.065811 1.111347 2.329815 14.668912
36 38.811035 54.240402 0.839815 2.249700 52.534805
37 38.330563 54.584778 0.764193 2.101339 32.323502
38 38.970974 54.540482 0.773197 2.211261 39.334309
39 38.764912 54.268974 1.012282 2.188535 11.122590
40 39.762878 54.505577 0.462694 2.413324 27.820244
41 38.377720 54.594143 0.702564 2.198682 43.309101
42 38.583046 54.862587 0.536563 2.422060 18.912924
43 37.485992 54.228298 0.455637 2.095871 27.663631
