%% Trajectory 121
136 22.823490 35.658321 1.045237 2.268228 14.684696
137 22.908995 35.473442 1.036548 2.582502 13.122752
138 22.979977 35.418633 1.152162 2.139975 17.492542
139 22.883785 35.253941 1.500009 2.160883 25.355721
140 23.165264 35.303165 2.103509 2.234158 12.217790
141 22.959093 35.530205 1.836336 2.205168 14.431095
142 23.017372 35.511421 2.954484 2.299717 0.045314
143 23.063131 35.393097 2.728773 2.177248 0.260979
144 22.985313 35.496895 2.640445 2.202446 3.327235
145 23.058792 35.524555 3.264960 2.172167 0.002965
146 22.995012 35.496082 3.674830 2.304471 0.002989
147 22.958126 35.502293 3.460660 2.323401 0.000000
148 23.055773 35.511063 4.255016 2.280641 0.000000
149 23.008266 35.460125 4.077106 2.249006 0.000000
150 23.147377 35.378956 4.668142 2.200179 0.000000
151 23.206369 35.125172 3.877604 2.144832 0.000000
152 23.312555 35.013187 3.288547 2.198329 0.000000
153 23.365421 34.905373 3.508835 2.408605 0.000000
154 23.429041 34.828152 2.856756 2.434188 0.000016
155 23.584444 34.904179 3.210944 2.429425 0.000000
156 23.596668 35.048405 2.681319 2.506368 0.016311
157 23.538469 35.153923 2.741988 2.528251 0.027486
158 23.168818 35.593704 2.116581 2.741365 3.210453
159 23.155592 35.548695 1.917250 2.679803 2.526534
160 23.129244 35.753040 2.052276 2.637392 6.707293
161 23.241886 35.641712 2.150705 2.528553 0.687883
162 23.181936 35.541843 2.351619 2.450546 4.034042
163 23.237326 35.394810 2.303812 2.368289 5.489672
164 23.630886 35.177933 2.331267 2.378906 0.224701
165 23.128345 35.145573 2.219574 2.256533 0.129978
166 23.219128 34.935905 1.894441 2.209257 1.546072
167 23.355093 35.093037 1.990520 2.408762 5.059890
168 23.416718 34.964760 1.791500 2.459130 2.274039
169 23.441874 35.173920 1.455634 2.483261 4.350794
170 23.557793 34.939903 1.221561 2.222706 10.845916
171 23.446371 35.138103 0.787791 2.404058 65.830894
172 23.755053 34.979820 0.777368 2.540305 43.511555
173 23.176722 35.243656 0.724265 2.641416 65.570938
174 24.343229 34.821392 0.642191 2.656641 52.492992
175 24.281298 35.298828 0.585821 2.391506 51.730194
176 22.923744 35.484470 0.619560 2.331933 50.919781
