%% Trajectory 20
39 82.970291 27.536449 1.187963 2.222899 15.365885
40 82.587105 26.864080 1.078934 2.210486 1.196051
41 82.734337 27.248554 1.166805 2.329742 2.297551
42 82.756508 26.839037 0.872268 2.199436 0.165553
43 82.762215 27.501654 1.091495 2.540818 2.352861
44 82.973114 27.202290 1.596743 2.572005 14.553355
45 82.392700 27.169617 1.759296 2.662880 5.897987
46 82.714294 27.242329 1.418913 2.497668 16.269033
47 82.970108 27.424482 1.314385 2.229060 24.406748
48 82.803337 27.728369 1.647623 2.534652 14.087832
49 82.854980 27.655626 1.270042 2.553611 26.270861
50 82.732689 27.828545 1.678385 2.447784 22.334290
51 82.885674 27.656656 2.085902 2.242930 1.112981
52 82.866180 27.868353 2.061442 2.399195 11.170429
53 82.736931 27.676197 2.585012 2.350173 22.233860
54 82.670425 27.475637 2.376104 2.653641 18.927546
55 82.756042 27.666761 2.510228 2.371619 21.831337
56 82.874809 27.691383 2.180765 2.607077 9.366065
57 82.711182 27.772766 2.599478 2.360121 5.039732
58 82.646820 27.805180 2.201407 2.449240 5.788601
59 82.680077 27.775059 2.568527 2.359493 4.596068
60 82.737686 27.953861 2.592126 2.444723 1.206384
61 82.658470 27.913792 2.603433 2.483748 3.736294
62 82.458427 27.796249 2.023164 2.440152 21.103628
63 82.559761 27.841948 2.358573 2.389506 13.171112
64 82.411186 27.723135 1.945951 2.651456 8.286884
65 82.184090 27.827370 2.621459 2.193828 26.592508
66 82.275108 27.750437 2.832819 2.353822 54.815277
67 82.212891 27.563122 2.845738 2.477645 37.885830
68 82.080063 27.527918 2.696712 2.495691 23.839378
69 82.136353 27.115158 3.015126 2.294908 27.972000
70 82.050476 27.190645 3.154086 2.208156 27.389614
71 82.051537 27.483179 2.696361 2.503944 8.421708
72 81.789307 27.750402 2.756093 2.300966 21.852108
73 82.111153 27.711227 2.553676 2.275769 25.680954
74 82.057518 27.381889 2.163763 2.163715 0.966516
75 82.343155 27.877935 1.830968 2.421057 2.674632
76 82.400566 27.843912 2.125234 2.330051 5.522297
77 82.040436 28.120245 2.137792 2.222425 10.395617
78 82.022217 28.260744 1.509944 2.355430 5.733019
79 81.948280 28.450291 1.497151 2.605504 17.248615
80 82.017563 28.327978 1.157617 2.122616 31.728394
81 81.982124 28.848513 0.976497 1.900775 19.014437
82 81.710617 28.187988 0.782714 2.046310 24.924154
83 81.981377 28.427879 0.536288 2.162893 16.593058
