%% Trajectory 4
1 42.511192 16.890841 0.849677 2.151206 20.073872
2 42.902817 17.481876 0.949262 2.111268 27.110075
3 42.695751 17.091198 1.498798 2.024387 15.256931
4 42.657185 17.076681 2.083039 2.081079 8.013746
5 42.648678 17.323673 2.152167 2.157957 11.877934
6 42.626751 17.081860 2.045716 1.987648 3.208485
7 42.598019 17.219980 2.515809 2.043178 0.159495
8 42.562046 16.996887 2.612840 2.165586 0.288317
9 42.624332 17.212812 3.455899 2.164270 0.000052
10 42.576290 17.162441 3.360485 2.109143 0.018251
11 42.588081 17.320364 3.664477 2.302209 8.868200
12 42.636421 17.088995 3.902191 2.033959 3.832829
13 42.570194 17.484766 3.199069 2.373076 14.828426
14 43.079067 17.840269 3.688088 2.131708 6.018843
15 43.071938 18.307913 3.338039 2.242237 3.643346
16 42.993225 18.022490 2.964557 2.034348 29.303844
17 43.009800 17.976963 3.473439 2.114128 17.214483
18 43.384178 18.070520 3.508175 2.181374 22.226219
19 43.873913 17.854702 2.859976 2.305635 0.176825
20 43.984798 17.857117 2.979026 2.076605 15.383660
21 43.556149 17.950277 2.502764 2.191426 9.646908
22 43.650410 17.648405 2.017369 2.256771 22.363337
23 43.178772 17.625500 1.597183 2.464033 26.510424
24 42.818317 17.308510 1.521456 2.201038 21.725447
25 42.995667 17.697098 1.177454 2.175916 37.205315
26 42.718784 17.863600 1.188343 2.329021 34.146816
27 42.862141 17.695517 0.961617 2.083830 2.423600
28 42.974255 17.460327 1.056439 2.239899 27.864328
29 42.614563 17.750322 1.252786 2.280924 42.493622
