%% Trajectory 22
40 10.585517 34.082577 0.799480 2.197465 69.363457
41 10.939823 33.492798 1.378015 2.138702 18.315083
42 11.162291 33.751015 1.778365 1.984961 13.758755
43 11.047417 33.810600 2.332748 2.090577 12.307695
44 10.902519 33.709099 2.244162 2.014521 10.218500
45 11.139805 33.819847 2.784592 1.993337 15.708714
46 11.164532 33.854862 2.926419 2.155641 0.953715
47 11.150720 33.793613 3.498856 2.219252 9.612686
48 11.203111 33.809010 4.203331 2.094432 4.013185
49 11.178837 33.789078 3.945748 2.123087 0.328381
50 11.226454 33.896229 4.152761 2.090199 7.687636
51 11.233903 33.780079 4.997362 2.081766 15.663433
52 11.252281 33.787365 4.407855 2.081012 2.053962
53 11.386996 33.774498 4.529014 2.293360 10.123554
54 11.853593 33.669952 3.307388 2.158457 19.033981
55 12.231904 33.340649 2.688071 2.270856 5.155533
56 12.618657 33.528641 2.042913 2.486782 18.138937
57 12.507396 33.561096 2.521591 2.458390 15.426787
58 12.772446 33.773964 1.895953 2.385712 3.598916
59 12.861573 33.720387 2.257855 2.348348 7.644416
60 12.856021 34.181408 2.340085 2.300338 7.062476
61 13.193768 34.097752 2.063282 2.073719 15.264988
62 13.078085 35.480881 1.980139 2.181003 4.527811
63 12.697205 34.747566 1.614737 2.268406 9.566690
64 12.993923 33.474106 1.823909 2.659546 4.294055
65 12.973910 32.421368 1.361305 2.278723 23.651430
66 12.178370 33.036514 1.172668 2.423543 3.329867
