%% Trajectory 10
17 25.121107 82.395744 1.063993 3.253091 7.635734
18 25.272703 82.947685 1.355093 3.190200 20.180456
19 25.696896 81.454910 0.922444 3.353058 0.336259
20 25.219427 82.829407 1.212022 3.672607 0.104557
21 25.317007 83.095581 1.189660 3.266249 0.150913
22 25.021851 82.128647 1.334519 3.468731 0.795968
23 25.865732 82.891464 1.453279 3.242205 0.637187
24 25.648308 82.354591 1.517573 3.053414 4.726575
25 25.759098 82.890457 1.151075 3.557444 0.110646
26 26.171736 82.769264 1.384925 3.248400 0.891773
27 25.686617 82.230476 1.342690 3.125005 0.882292
28 25.792812 83.627899 1.357656 3.178648 1.460363
29 25.906786 83.645767 1.653858 2.960486 9.295018
30 25.986248 83.788536 2.056153 2.753934 18.358025
31 25.762188 83.774010 2.237080 2.765622 5.518786
32 25.935371 83.130501 1.702994 2.834946 16.338871
33 26.009829 83.858124 1.849014 2.909852 7.721224
34 25.883446 84.219009 1.258398 3.008804 12.955825
35 25.770435 83.821800 1.587272 2.973752 7.352070
36 25.818350 84.013672 1.367487 2.900259 19.268822
37 25.768597 83.904510 1.427256 2.682826 24.779587
38 25.970503 83.771370 1.251276 3.001669 14.422354
39 25.945650 83.204338 1.209900 3.157792 7.886513
