%% Trajectory 74
202 28.683949 92.538322 0.487997 2.462505 15.873025
203 28.644079 92.983231 0.453732 2.078078 25.763359
204 29.370541 92.624580 0.780111 2.299144 31.781849
205 28.961418 93.093834 0.831099 2.002112 32.515820
206 28.981838 92.902962 0.888262 2.238050 29.078049
207 28.793228 92.778160 0.931087 2.334125 45.445278
208 29.098017 92.994194 1.251727 2.089156 21.352917
209 28.943722 92.976654 1.113876 2.079133 30.181858
210 29.181684 92.970299 1.292876 2.082746 40.945042
211 28.928356 93.045219 1.311343 2.149088 38.096230
212 29.055542 93.144455 1.336927 2.225855 30.841722
213 29.196766 92.929436 1.302164 2.274668 29.864141
214 29.016775 93.137955 1.431118 2.169485 13.906909
215 29.049202 92.866722 1.436582 2.135161 21.666296
216 29.074139 93.005867 1.722256 2.120692 15.867990
217 29.069342 93.053139 1.699594 2.193469 7.023658
218 29.073790 92.949524 1.529188 2.153356 14.678636
219 29.106840 92.934235 1.731743 2.142758 13.453813
220 29.438210 92.270645 1.121888 2.518696 17.230186
221 29.776258 92.374382 0.729245 2.151862 37.564720
222 29.452625 92.026459 0.654928 2.483017 33.320862
