%% Trajectory 5
0 63.273491 81.273735 1.537698 2.227673 8.769977
1 62.983807 81.555016 1.011914 2.454569 5.148661
2 63.730164 81.026329 1.196831 2.132352 8.745133
3 64.013763 80.375847 1.531941 2.188034 18.104389
4 63.975780 80.182755 1.988833 2.175989 17.832714
5 64.219376 80.012260 2.244526 2.194978 17.034121
6 64.035782 80.095238 2.491905 2.180007 23.571358
7 64.339279 79.991074 2.322651 2.255725 21.201103
8 64.337013 80.084938 2.911377 2.201598 12.928539
9 64.345680 80.104622 3.278520 2.177013 11.667065
10 64.266472 79.896278 3.758930 2.150876 14.977023
11 64.281876 79.836533 4.204973 2.209779 0.060740
12 64.263649 80.010597 4.559463 2.185898 0.000000
13 64.306374 79.805275 4.484821 2.248379 0.000000
14 64.365631 79.909996 4.947976 2.142401 0.000000
15 64.330643 79.926811 5.359776 2.157134 0.000000
16 64.234787 79.906891 5.217420 2.148849 0.000000
17 64.193794 79.841194 5.612043 2.138107 0.000000
18 64.053421 79.818810 5.207325 2.143121 0.000000
19 63.646992 79.619087 3.930544 2.302360 0.000000
20 63.404736 79.441513 3.325589 2.341430 0.000182
21 63.515079 79.369576 2.804672 2.368536 1.320476
22 63.613579 79.508217 2.494882 2.378233 3.729381
23 63.700874 79.363152 2.336232 2.280710 5.497675
24 63.648952 79.113701 2.190450 2.132912 14.688422
25 63.703503 79.391891 1.739030 2.259581 16.123550
26 63.437664 79.353889 1.727690 2.334367 21.692015
27 63.460293 79.087097 1.294425 2.430679 20.957808
28 63.831547 79.200470 1.192784 2.131169 44.530071
29 63.589020 78.650406 1.334495 2.393153 38.591038
30 63.628147 79.106705 0.860205 2.396486 33.852985
31 63.605488 78.572250 0.889268 2.411789 22.680170
32 63.586548 78.746048 0.799754 2.461040 9.374212
