%% Trajectory 47
100 64.119736 61.762566 0.508058 2.317505 57.538990
101 64.272972 62.093777 0.625948 1.883871 6.174683
102 64.155273 61.966118 0.992753 2.132114 14.877405
103 63.958858 61.980480 1.015864 2.060872 17.679449
104 64.007065 61.954006 1.226309 1.996823 10.634820
105 64.144897 61.913116 1.095266 2.014945 13.534818
106 64.103195 61.885738 1.479431 2.030638 5.757332
107 64.205124 61.951900 1.499188 2.010418 8.296718
108 64.206573 61.835766 1.557909 2.073853 8.009332
109 64.013489 61.839584 1.517663 1.977275 11.104021
110 64.153084 61.997040 1.591714 1.977804 6.902083
111 64.010582 61.812622 1.751949 2.060869 1.454743
112 64.062737 61.950211 1.605854 2.033153 5.204982
113 63.855148 61.946159 1.672898 2.049461 4.892965
114 63.567959 62.291840 1.121570 2.180926 28.440298
115 63.366692 62.934410 0.794131 2.142718 48.557037
116 63.348251 62.669308 0.745110 2.115927 29.151867
117 63.074894 62.631348 0.829849 2.156879 37.822292
118 62.848755 62.320580 0.685127 2.199956 61.133442
119 63.310406 63.260323 0.442771 2.096015 45.070332
120 63.373550 63.747494 0.387239 2.370512 58.736576
