%% Trajectory 84
206 33.571617 58.517998 0.617878 2.481109 31.804565
207 32.887569 58.521290 0.652768 2.570769 39.126072
208 33.422459 58.659225 0.871682 2.457706 35.473846
209 34.044510 58.268143 1.038189 2.315055 26.078268
210 33.165100 57.866360 1.119616 2.268493 36.006542
211 33.647484 58.689087 0.882678 2.527977 44.711929
212 33.689182 58.654381 1.500216 2.420073 70.089378
213 33.653690 58.475235 1.411646 2.792250 43.641270
214 33.819942 58.524185 2.174908 2.464639 15.083170
215 33.683388 58.739388 2.014815 2.412090 29.683140
216 33.847290 58.914318 2.095649 2.237612 15.273644
217 33.803905 58.579247 1.978759 2.086786 8.824707
218 33.856567 58.952087 1.823797 2.377209 28.705969
219 33.978622 58.581779 1.868194 2.349550 24.411072
220 33.929058 59.134060 2.201353 2.556503 5.670231
221 33.646694 59.021526 2.163931 2.140985 10.736157
222 34.062962 58.953785 1.985805 2.178377 7.230831
223 33.922867 58.860428 2.045384 2.297599 14.027312
224 34.013672 58.735233 2.371615 2.320794 9.817009
225 33.776009 58.981117 2.460595 2.195549 1.303127
226 33.864414 59.009445 2.395728 2.383272 13.984680
227 33.584759 58.792973 1.823734 2.254070 41.180984
228 33.792492 58.866032 2.560291 2.287585 5.053319
229 33.885811 58.974792 2.639098 2.198151 3.754962
230 33.696533 58.978916 2.364992 2.445456 30.510761
231 33.928524 59.010380 2.917406 2.258463 1.250622
232 33.856014 58.946606 3.326354 2.299331 0.679289
233 34.013729 58.928661 3.454858 2.625132 0.008130
234 33.862473 59.008610 2.787143 2.463867 8.776200
235 33.697277 59.324020 2.680541 2.731675 21.500328
236 33.451981 59.008804 2.776143 2.576592 23.596058
237 33.889668 59.337990 2.249546 2.389221 21.068695
238 33.670261 58.993286 2.819160 2.807106 5.911089
239 33.676670 59.469448 2.517360 2.577024 28.507303
240 33.720459 59.835186 2.829528 2.651463 21.609465
241 33.427288 59.856407 3.382220 2.441577 11.277746
242 33.215080 59.802700 2.690500 2.360899 5.018124
243 33.211773 60.087627 2.678304 2.134669 6.234144
244 32.962097 60.043251 2.129555 2.152887 22.719456
245 33.020786 59.927242 1.875735 2.164195 22.735374
246 33.213131 59.823605 1.330904 2.344946 18.784708
247 32.966057 60.157356 1.351059 2.389683 12.509572
248 33.234646 59.715389 1.271176 2.125679 19.730522
249 32.621906 60.369823 0.976344 2.457482 31.201696
250 32.674606 60.010544 1.245136 1.744412 3.354632
251 32.616077 60.187771 1.114979 1.767791 9.623152
252 32.603546 60.426128 1.226110 2.016115 11.200864
253 32.333420 60.331303 1.383014 1.858312 4.050192
254 32.635567 60.178925 0.954290 2.078781 11.714768
255 32.334652 60.287090 1.013191 1.779007 4.823389
256 31.826773 60.920101 0.985413 2.728249 15.858857
257 32.207588 60.180645 0.751207 1.520706 0.129467
258 32.420403 60.994144 0.852945 2.250587 15.027563
259 33.124691 60.778797 1.076655 1.642545 1.618698
260 33.121922 60.359966 1.019653 1.809975 0.796551
261 33.654968 59.689110 0.803557 2.708813 23.245319
262 32.741501 60.331436 0.342080 1.807856 0.181838
263 33.580524 59.547371 0.592508 2.319017 6.530812
264 33.078861 59.450966 0.596048 2.629472 2.734418
265 33.026955 59.995338 0.430755 1.438963 0.371330
266 33.910221 59.719070 0.638377 3.070524 5.381581
