%% Trajectory 96
218 32.704552 59.399342 0.297494 2.595551 57.602936
219 32.686985 59.078133 0.272040 1.857786 21.584257
220 32.626308 58.935997 0.287733 1.894396 10.553252
221 33.001896 59.123001 0.610848 2.093713 24.230551
222 33.025604 59.041248 0.794482 1.917774 15.750061
223 33.639194 59.218166 0.877515 2.329138 30.255754
224 33.169704 59.069820 0.756357 2.029527 23.893856
225 33.181038 58.924713 0.882663 2.173845 14.946867
226 33.351933 58.951981 0.851669 2.135406 18.569820
227 33.440258 59.054790 1.043496 2.343974 5.973457
228 33.347961 59.145054 1.420343 2.262040 0.486065
229 33.302681 58.939400 1.308456 2.070730 3.454602
230 33.117920 59.158672 1.454484 1.996224 0.817972
231 33.239655 59.178238 1.314418 2.242166 4.549551
232 33.634823 59.439339 1.110627 2.295056 10.016639
233 34.065586 59.442966 0.695645 2.058784 19.529181
234 34.010479 59.696583 0.680649 2.269008 20.442976
235 34.067295 60.118446 0.665154 2.367067 34.475765
236 34.280434 59.702663 0.642605 2.472862 26.066700
237 34.524300 59.957790 0.645251 2.585069 43.172203
238 34.300041 60.439762 0.428198 2.481718 84.177605
239 34.286453 60.014023 0.237915 3.026932 117.416924
