%% Trajectory 133
262 60.854500 29.111538 0.447572 2.121825 38.755875
263 60.986164 29.403532 0.537933 2.102921 19.331955
264 60.747364 29.429678 0.646047 2.229246 46.262520
265 60.661266 28.983942 0.613658 2.017641 22.328964
266 60.823814 29.280846 0.537785 2.025344 34.721260
267 60.695549 28.974503 0.784837 2.066163 12.293247
268 60.850029 29.074064 0.711147 2.162167 26.797253
269 60.725662 29.351515 0.897879 2.210528 12.857968
270 60.739082 28.994619 0.942263 2.184280 27.397007
271 60.824257 29.208729 0.895741 2.066844 26.005917
272 60.739452 29.318274 0.976294 2.262832 23.528605
273 60.374279 29.209103 0.693083 2.352155 42.163033
274 60.223549 29.173925 0.488921 2.082720 39.031647
275 60.225533 29.476744 0.269370 2.312060 36.705688
