%% Trajectory 28
61 74.407990 66.964752 1.168349 2.712234 0.927990
62 74.310005 67.299995 1.381152 2.495992 8.872987
63 74.445755 66.926788 1.254377 2.308479 1.777755
64 74.678391 67.106758 1.315129 2.940884 2.832629
65 74.350708 66.855026 0.984286 2.782026 4.851675
66 74.404770 67.185944 1.427662 2.755099 11.713009
67 74.423935 66.887825 1.482402 2.716630 7.931840
68 74.221741 67.503952 1.383778 2.572988 14.986863
69 74.489899 66.909538 1.205031 2.784104 8.900251
70 74.121864 66.990211 1.328320 2.329481 10.086904
71 74.625313 67.327980 1.474526 2.677240 14.686962
72 74.133888 67.159416 1.425942 2.572991 14.620473
73 74.442276 67.395058 1.312205 2.798966 12.410375
74 74.471115 67.125534 1.374454 2.440647 7.787631
75 73.992706 67.145874 1.679921 2.393505 37.860760
76 74.247581 67.564842 1.398800 2.567072 30.437969
77 74.778191 67.114464 1.428229 2.451840 17.942318
78 74.427734 67.144897 1.291908 2.515753 19.725245
79 73.803818 67.115280 1.702432 2.438511 13.205528
80 73.655449 66.838142 1.459029 2.459018 13.173244
81 73.954567 66.989792 1.404816 2.967029 13.201678
82 73.577858 66.343536 1.216805 2.842868 17.442139
83 73.459229 67.220520 1.323599 2.412011 26.256109
84 73.301323 67.145630 1.400313 2.571687 36.844948
85 73.258568 66.038467 1.313105 2.896057 23.982075
86 73.527267 66.007393 1.312117 2.604839 16.784964
87 73.787315 66.532761 1.359458 2.701266 25.015972
88 73.222206 66.278160 0.937110 2.610922 5.614526
89 73.368362 66.995407 1.017379 2.557178 19.242254
