%% Trajectory 83
165 64.788155 70.826317 0.074311 2.164351 74.780434
166 64.348740 70.238777 0.087936 2.241161 61.177334
167 64.319870 71.008949 0.151927 2.194982 68.687691
168 64.584808 70.884926 0.186224 2.121688 61.914906
169 64.452469 71.030235 0.197595 2.277954 65.971588
170 64.523216 70.820015 0.180125 2.311977 73.967857
171 64.484207 70.905273 0.240042 2.213967 57.833805
172 64.760109 70.906097 0.188345 2.294569 44.559380
173 64.442947 70.679207 0.293825 2.331548 80.789963
174 64.885696 71.000053 0.232401 2.121031 34.744858
175 64.685989 70.579071 0.264425 2.251895 36.425907
176 64.448540 70.759995 0.292869 2.445873 68.518997
177 64.665825 70.617996 0.322432 2.382477 56.516922
178 64.511063 70.335754 0.380915 2.471222 60.382614
179 64.633430 70.636406 0.387030 2.367985 43.570572
180 64.649643 70.469475 0.398903 2.442430 62.178284
181 64.680473 70.578934 0.401786 2.411833 48.675789
182 64.672890 70.361435 0.405743 2.477745 55.405499
183 64.560699 70.360184 0.376044 2.505392 53.895905
184 64.359383 70.334648 0.391886 2.360984 52.609348
185 64.527336 70.155327 0.397416 2.423284 56.615322
186 64.434433 70.088203 0.326862 2.332224 43.479767
187 64.672714 70.542877 0.303723 2.427941 46.732430
188 64.499069 70.213913 0.313375 2.331976 45.584011
189 64.713326 70.341995 0.369083 2.337061 34.598198
190 64.422646 70.109612 0.367250 2.339977 48.697571
191 64.914780 70.296288 0.338645 2.307020 46.954388
192 64.551643 70.261307 0.341229 2.388605 53.923336
193 64.759361 70.029198 0.311711 2.331913 46.674297
194 64.784546 70.328102 0.343161 2.466232 49.428104
195 65.036201 70.272560 0.344768 2.230760 46.737396
196 65.006271 70.082626 0.372342 2.182595 41.394001
197 64.735031 70.297234 0.295351 2.293788 68.393600
198 64.718849 70.529099 0.324503 2.385525 75.219833
199 64.555672 70.376266 0.333522 2.376101 61.462933
200 64.511215 70.417099 0.287132 2.386869 72.097115
201 64.733200 70.428307 0.313839 2.366394 60.514870
202 64.691185 70.279594 0.306695 2.225785 56.310646
203 64.559052 70.776558 0.242095 2.384690 53.198009
204 64.599052 70.335419 0.263197 2.450219 61.891983
205 64.586235 70.351410 0.247124 2.427733 83.797783
206 64.639381 70.370361 0.214876 2.209127 60.985943
207 64.708817 70.425552 0.230862 2.318277 58.459957
208 64.581841 70.255020 0.251609 2.464782 79.663734
209 64.836685 70.241829 0.175519 2.221974 89.311188
210 64.649162 70.318085 0.241350 2.453692 69.589096
211 64.761841 70.264404 0.213727 2.247758 66.592369
212 64.658844 70.878487 0.158197 2.277313 117.251793
213 64.428551 70.249550 0.136782 2.447398 86.519592
214 64.062180 70.076683 0.111485 2.075179 40.971317
215 64.604691 70.637360 0.156975 2.293024 62.008862
