%% Trajectory 47
80 31.269121 41.480263 1.597378 2.440681 14.505867
81 31.226522 41.244160 1.153634 2.144472 0.588081
82 31.595715 41.167778 1.679959 2.209216 5.507467
83 31.808830 41.262028 1.983391 2.500656 27.219795
84 31.647213 41.091064 2.210699 2.306484 16.946259
85 31.765627 41.271027 2.664336 2.266306 17.869308
86 31.613182 41.067524 2.831824 2.377875 14.897182
87 31.386877 41.392025 2.256023 2.396437 9.054629
88 31.412827 40.940926 3.042474 2.344504 19.348391
89 31.479097 41.182991 2.496516 2.316640 4.711402
90 31.552179 41.122162 2.649285 2.433253 22.825281
91 31.351109 40.959221 2.986976 2.257854 4.174693
92 31.371078 41.225754 2.630887 2.377050 2.873464
93 31.460558 41.082130 2.841404 2.293741 11.064569
94 31.529848 41.130238 3.200412 2.433138 21.114126
95 31.412804 41.244778 3.243365 2.436859 16.496462
96 31.555368 40.934753 3.669446 2.298382 23.830498
97 31.596760 41.021297 3.060763 2.237399 16.323683
98 31.613094 41.006332 3.593024 2.299000 5.183065
99 31.743641 41.017132 3.249396 2.234659 2.214733
100 31.680592 40.913227 3.201141 2.200737 1.422241
101 31.694693 41.082527 3.136996 2.183540 0.527166
102 31.739754 41.072754 3.270959 2.141790 1.328964
103 31.888258 41.131264 3.446115 2.210316 20.235416
104 31.736319 41.049347 3.262777 2.079083 5.514213
105 31.996994 41.191219 4.270902 2.229047 6.684434
106 31.849352 41.124924 3.825002 2.165216 8.700228
107 32.035667 41.226151 4.295347 2.244613 1.586287
108 31.931034 41.029900 4.656372 2.140739 9.797259
109 31.956350 40.826382 4.419663 2.136305 5.958923
110 32.216610 41.092281 5.089999 2.255135 4.332644
111 32.131397 41.002079 5.166758 2.237573 14.321225
112 32.256088 41.195065 5.200189 2.525868 5.628037
113 32.336067 40.960564 4.940567 2.443098 2.706854
114 32.335003 41.046268 5.518893 2.384277 0.000766
115 32.703091 40.990162 5.380120 2.380783 0.000087
116 32.669983 40.905640 6.296227 2.451730 0.000323
117 32.454636 40.959381 5.908983 2.405879 0.021833
118 32.916416 41.433136 5.991475 2.560917 1.109940
119 33.094505 41.785175 5.723394 2.325138 0.148813
120 33.174496 41.965210 5.933664 2.339819 0.199133
121 33.397335 41.848503 5.564970 2.502458 1.893303
122 33.620518 41.812344 5.176849 2.560106 9.918097
123 33.683971 41.697979 4.876435 2.512177 5.068524
124 34.001083 41.797520 4.727941 2.559765 14.182009
125 34.179379 41.494625 4.536326 2.508361 7.288583
126 34.558563 41.339367 4.298565 2.718280 10.081703
127 34.338806 41.636364 3.978087 2.477929 14.219471
128 34.418324 41.487400 3.487338 2.529998 11.545171
129 34.106018 41.126202 2.845829 2.457516 9.345531
130 35.032181 41.847862 3.588220 2.287233 4.369733
131 36.079025 41.252136 2.356289 2.536535 6.741483
132 35.334518 41.183872 2.821240 2.532223 16.299244
133 34.753265 41.647545 2.160230 2.378964 12.971815
134 35.333508 41.764687 1.552698 2.407641 28.050549
