%% Trajectory 43
63 44.781460 14.397699 1.455304 2.160422 2.506367
64 44.832066 14.657858 1.266385 2.042619 0.263531
65 45.013859 14.357351 1.580314 1.844647 0.500672
66 45.151676 14.278526 2.235776 2.012163 18.110661
67 45.100403 14.468175 2.463648 2.224086 15.891551
68 45.258316 14.306567 2.692370 2.035084 5.963095
69 45.327793 14.313310 3.417393 2.053140 4.680412
70 45.079613 14.364979 3.406268 2.121447 4.063851
71 45.172543 14.623982 3.974995 2.127396 0.532923
72 45.139381 14.490407 3.695904 2.166063 0.381386
73 45.271446 14.629603 4.374362 2.182586 18.010223
74 45.248287 14.642536 5.398783 2.199710 2.569490
75 45.343266 14.683167 4.937640 2.205212 15.121476
76 45.442955 14.915566 5.466222 2.299791 14.877082
77 45.385601 14.813396 6.127987 2.285743 4.695317
78 45.378967 14.780712 6.191486 2.315806 0.002414
79 45.318012 14.899841 6.500791 2.407613 0.000004
80 45.426334 14.886639 6.337161 2.328449 0.002005
81 45.282928 14.844361 6.143241 2.465340 0.197838
82 45.351906 14.890933 7.078219 2.284199 0.000348
83 45.257988 14.827423 7.176596 2.374295 0.000000
84 45.475494 14.800313 6.650037 2.477518 0.000957
85 45.528481 14.975667 6.970097 2.370584 0.000000
86 45.644756 14.841589 7.825413 2.308162 0.000000
87 45.697815 14.807569 6.687593 2.387270 0.000000
88 45.800312 14.966009 6.553304 2.294909 0.000000
89 45.724483 14.759367 6.560388 2.340644 0.000000
90 45.938786 15.007204 7.085717 2.246759 0.000000
91 45.578671 14.767504 7.147371 2.483685 0.000000
92 45.452057 14.767151 7.170482 2.517859 0.000000
93 45.106098 15.122468 6.769135 2.706815 0.000000
94 45.427116 15.119422 6.012025 2.616632 0.000000
95 44.836887 15.033484 6.347672 2.576362 0.000000
96 44.510456 15.082864 5.866622 2.776392 0.000000
97 44.731899 15.224397 5.997195 2.717807 0.000000
98 44.788483 15.161819 5.392884 2.956729 0.000476
99 45.510391 15.304128 4.210498 2.798762 7.713100
100 45.420387 15.333317 3.671677 2.841049 3.468852
101 44.714066 15.515940 4.451649 3.169491 12.601795
