%% Trajectory 57
132 74.070107 64.450714 0.126472 2.312198 76.058289
133 74.278458 64.300911 0.135660 2.225842 82.231117
134 74.165451 64.144356 0.179535 2.194249 83.755051
135 74.419029 64.034508 0.222559 2.284273 88.048233
136 74.169487 63.984509 0.265500 2.255058 90.286247
137 74.120415 64.109200 0.305638 2.217534 51.117504
138 74.291306 64.094757 0.292696 2.157290 40.054981
139 74.354210 63.993526 0.311143 2.247256 63.069477
140 74.234268 63.962254 0.339124 2.238683 64.900673
141 74.231964 64.093895 0.405706 2.126254 24.966066
142 74.248566 64.141174 0.327589 2.175215 59.824673
143 74.229477 64.076309 0.332794 2.253074 63.003479
144 74.099533 64.028702 0.365574 2.167890 48.162762
145 74.234428 64.119568 0.383209 2.188275 61.599407
146 74.133667 63.911053 0.458688 2.206665 40.617397
147 74.125061 63.876106 0.359777 2.107114 34.769356
148 74.090050 63.963367 0.399084 2.124053 67.784523
149 74.078934 63.783066 0.392070 2.226694 74.379822
150 74.363083 63.923653 0.432434 2.280405 43.520092
151 74.381157 64.026680 0.454349 2.257659 49.532364
152 74.428314 63.939194 0.412117 2.215294 39.091564
153 74.293762 63.893097 0.467949 2.174446 46.714268
154 74.271133 63.901863 0.391074 2.197338 50.886765
155 74.276878 63.905476 0.387514 2.155194 51.741707
156 74.166046 64.046295 0.434418 2.306051 29.779062
157 74.255638 63.767433 0.499722 2.126945 41.725098
158 74.150284 64.005142 0.461968 2.282030 50.683533
159 74.244888 63.880375 0.530315 2.166677 32.056530
160 73.946289 63.860558 0.559633 2.228599 23.234730
161 73.790886 63.344791 0.511824 2.263696 29.457930
162 73.581306 63.296337 0.535020 2.372373 36.528156
163 73.501587 63.249420 0.538476 2.379391 51.126057
164 73.363235 63.226963 0.538287 2.303572 32.779823
165 73.146225 63.688770 0.512505 2.384165 67.261406
166 73.212234 63.224522 0.516943 2.277604 41.997688
167 73.087898 63.253227 0.462602 2.279186 60.697521
168 73.546402 62.705223 0.490627 2.367349 62.890568
169 73.269943 62.843704 0.461911 2.417789 66.768257
170 73.221695 62.510025 0.484716 2.364166 69.415482
171 72.927795 62.773533 0.390674 2.170168 58.152477
172 72.775551 63.033314 0.346429 2.266596 52.600147
173 72.498795 62.810032 0.277348 2.437454 85.723412
174 72.364204 62.605610 0.265733 2.514304 63.391682
175 72.729881 62.058823 0.213564 2.677123 57.080441
176 74.584183 60.670460 0.185067 2.267611 51.384312
177 75.552299 59.545143 0.111195 2.342817 40.503960
