%% Trajectory 11
33 14.005813 35.992054 0.201600 2.994381 19.192289
34 13.059890 34.861874 0.214587 2.764228 23.390579
35 12.822411 34.163448 0.203265 2.679304 43.540009
36 12.852136 33.873528 0.306306 2.720713 46.540848
37 12.121237 33.664364 0.338386 2.388445 61.112778
38 11.740383 33.492329 0.330406 2.325546 59.138050
39 12.058069 33.498909 0.362850 2.521255 60.370995
40 12.172587 33.417717 0.435756 2.405386 62.237782
41 12.188367 33.211761 0.414202 2.391532 78.766479
42 12.342661 33.294212 0.504486 2.424327 58.702038
43 12.416327 33.307838 0.541837 2.542664 83.399200
44 12.350197 33.441936 0.528213 2.631101 69.438995
45 12.648052 33.426506 0.583742 2.577335 49.306931
46 12.343830 33.576645 0.627253 2.516872 50.994606
47 12.640541 33.513290 0.568558 2.592989 51.038670
48 12.587043 33.621185 0.573785 2.561858 54.115177
49 12.417125 33.415997 0.635351 2.607444 38.825558
50 12.316203 33.455616 0.602090 2.499748 49.617546
51 12.622087 33.637768 0.684170 2.556660 54.626171
52 12.616069 33.528133 0.668547 2.514646 49.835583
53 12.599349 33.522758 0.644289 2.566716 50.939556
54 12.951876 33.299915 0.656020 2.579369 46.691147
55 12.861191 32.958504 0.678650 2.589627 57.941040
56 13.052804 33.142879 0.753233 2.344885 42.030323
57 13.092699 33.521763 0.698986 2.467120 54.040428
58 13.211856 33.073860 0.737555 2.290612 59.009415
59 13.448363 33.372395 0.815615 2.531498 40.973522
60 13.252364 33.762680 0.693631 2.361133 73.335876
61 13.756415 33.988159 0.613224 2.529350 65.637215
62 13.549040 35.594757 0.512453 2.533666 87.175079
63 13.443467 34.382942 0.482418 2.620626 74.895439
64 13.304141 33.705162 0.464628 2.356942 73.033173
65 13.663488 32.554337 0.372721 2.586712 88.465256
66 13.764570 32.845642 0.365652 2.413278 94.508278
67 13.980639 31.625582 0.301149 2.577900 77.725121
68 14.477569 30.937126 0.215573 2.727060 68.770027
