%% Trajectory 22
38 78.554420 56.390774 1.061741 2.316223 9.209670
39 77.907272 56.465858 1.273021 2.376685 15.698103
40 77.941742 56.436237 1.086339 2.298090 29.187252
41 77.962105 56.713432 1.268221 2.319049 35.071411
42 77.968842 56.628555 1.835579 2.118370 27.139322
43 78.140015 56.677284 1.821190 2.151896 49.672485
44 77.650154 56.460415 1.420068 2.490303 56.889492
45 77.748131 56.241718 1.647737 2.196346 48.376286
46 77.806206 56.533165 1.612296 2.342856 23.448248
47 77.979965 56.526619 1.652222 2.379600 50.209160
48 78.030396 56.560184 1.898217 2.213272 19.424345
49 77.815331 56.616096 1.803716 2.280300 27.804501
50 78.080063 56.357315 2.145959 2.468162 10.687623
51 77.936768 56.369881 2.148234 2.274739 19.789944
52 77.847023 56.556572 2.002595 2.326911 12.066359
53 78.039688 56.402409 2.388737 2.303019 16.365499
54 77.885918 56.656670 2.519898 2.276020 1.129807
55 77.853012 56.619881 3.139239 2.338669 2.310403
56 78.081810 56.543541 2.969607 2.379943 5.272982
57 77.918541 56.835728 3.298280 2.113153 0.351053
58 77.880699 57.079758 2.942392 2.274329 0.072536
59 77.870094 57.062691 2.934731 2.205140 6.197917
60 77.995499 57.108440 3.059934 2.264616 1.285046
61 77.956451 57.023342 3.367673 2.149415 3.638472
62 77.914650 56.794342 3.283643 2.278191 8.989734
63 77.710144 56.851036 3.253332 2.306322 7.709661
64 77.776962 57.307503 2.792577 2.315833 10.507124
65 77.681427 58.857685 2.138257 2.315392 5.377084
66 78.280151 59.657787 2.422336 2.319332 2.831676
67 78.384628 60.953365 2.004694 2.359022 19.696100
68 77.329987 59.136562 1.648140 2.611660 28.402550
69 77.607735 59.329620 1.263498 2.257612 26.588871
70 77.538544 59.197979 1.546089 2.334229 28.731775
71 77.202087 57.850510 1.582371 2.132206 22.847422
72 77.128334 57.745651 1.385078 2.202932 24.006086
73 76.875999 57.937290 1.054851 2.365867 25.673929
74 77.142090 57.101948 0.943367 2.172567 15.336832
75 77.584557 57.760368 0.942217 2.214823 30.921040
