%% Trajectory 59
138 43.641388 13.127781 0.854620 2.162285 8.972671
139 43.835072 12.980360 0.866969 2.201259 27.924742
140 43.576248 12.974939 1.182157 2.293260 27.028090
141 43.760170 12.964284 1.166771 2.205923 29.000519
142 43.345997 13.300331 1.021385 2.750143 22.145500
143 43.498959 13.186546 1.358869 2.447601 20.145096
144 43.677605 13.197011 1.784039 2.202225 14.783177
145 43.707676 13.445644 1.901033 2.366536 27.256237
146 43.684029 13.355514 2.029535 2.401867 14.961383
147 43.550323 13.586139 2.244771 2.445151 7.077333
148 43.554371 13.486270 2.341295 2.515103 9.354806
149 43.594948 13.415754 2.326551 2.439420 13.745421
150 43.516903 13.756728 2.183721 2.433784 15.405652
151 43.611954 13.728559 2.525727 2.474996 12.267118
152 43.636230 13.494786 2.272206 2.439243 14.903311
153 43.644821 13.444051 2.405447 2.438972 11.897812
154 43.449139 13.616145 2.391804 2.513917 5.102838
155 43.683079 13.697121 2.792765 2.368119 0.871068
156 43.779831 13.849697 2.857887 2.246378 10.241988
157 43.545944 13.693070 2.485398 2.398570 3.691012
158 43.577236 13.467894 2.470229 2.496984 10.016231
159 43.600929 13.608264 2.592162 2.421436 20.934092
160 43.521839 13.684077 2.534081 2.439562 23.308823
161 43.494423 13.686238 2.383346 2.495511 18.515039
162 43.650082 13.481081 2.489092 2.497312 18.413443
163 43.614079 13.654135 2.562289 2.497353 15.784877
164 43.637589 13.663748 2.414444 2.394802 21.625881
165 43.531219 13.645421 2.310936 2.443115 15.546394
166 43.594730 13.753026 2.211686 2.360548 22.888071
167 43.587376 14.108790 2.288261 2.282823 22.595507
168 43.001736 13.994436 2.353783 2.234560 19.365564
169 43.135067 13.932616 2.128755 2.126857 21.952665
170 43.258919 14.233225 2.483293 2.362381 11.614380
171 43.601345 14.052041 1.955433 2.356620 37.265408
172 43.769268 14.099178 2.142162 2.248051 38.701981
173 43.513729 14.118700 2.002099 2.280606 46.561344
174 43.146023 13.958683 1.906725 2.178716 29.660795
175 43.534691 14.238965 1.490923 2.309146 27.376698
176 44.060627 13.839201 1.404476 2.208780 16.139814
177 44.288982 13.529690 0.975270 2.350213 14.662271
178 44.244122 14.143211 0.978796 2.134610 9.915984
179 44.296520 14.754482 0.597352 2.567032 23.884371
180 44.023903 14.846330 0.746777 2.251606 8.447803
181 44.959209 14.710202 0.538791 2.355677 2.190845
182 45.751350 15.298534 0.545052 2.380791 2.338298
