%% Trajectory 11
3 63.873768 47.960205 1.832634 2.471851 36.071434
4 63.609020 48.083675 1.555361 2.479642 16.733740
5 63.733074 47.943680 2.092280 2.319059 6.863911
6 63.314560 48.247635 1.636726 2.364554 19.595852
7 63.594860 48.295425 2.811973 2.574043 9.387997
8 63.472752 48.036652 2.302846 2.608394 18.142138
9 64.269073 47.929905 2.545919 2.866213 3.316386
10 63.519539 48.229164 2.798726 2.900822 5.837061
11 63.588036 48.039974 2.940921 2.313847 0.635148
12 63.528603 48.248959 2.710926 2.863580 7.456326
13 63.371494 48.616467 2.246319 2.674387 0.902819
14 63.578228 48.314728 2.407430 2.629218 2.785472
15 63.425972 47.991478 3.031818 2.833995 2.062618
16 63.376385 48.387280 2.983270 2.541676 13.134058
17 63.347340 48.276390 3.602392 2.613673 7.035608
18 63.166153 48.293606 3.504117 2.304787 9.034791
19 63.480732 48.555744 3.348104 2.519291 26.977503
20 63.336433 48.319778 2.809761 2.427342 11.931762
21 63.348988 48.617718 3.096716 2.391458 8.331116
22 63.372055 48.011822 3.765011 2.516352 19.664021
23 63.412189 48.332264 3.985655 2.477433 13.443616
24 63.408413 48.756741 3.562153 2.345047 25.395826
25 63.223270 48.784943 3.262323 2.520201 25.709892
26 62.896084 48.568863 3.613405 2.409759 13.992203
27 62.640900 48.038963 3.530777 2.519018 3.957927
28 62.739155 48.009159 3.620804 2.471555 10.223312
29 62.329502 48.186363 3.037331 2.243562 0.888621
30 62.617886 47.944977 3.516028 2.241936 12.159300
31 62.999107 47.768970 3.036243 2.207951 0.384829
32 62.902798 48.347214 3.135528 2.117935 1.452652
33 62.935555 47.976856 3.500437 2.344891 12.348276
34 63.180191 48.222458 2.671547 2.526080 0.880946
35 63.354542 48.425728 2.014462 2.390287 6.685832
36 63.277401 48.199108 2.654087 2.139843 0.154413
37 63.176300 48.173664 2.618169 2.292061 4.823568
38 63.158489 48.094418 2.860741 2.342174 11.706029
39 62.885452 47.898758 2.256975 2.286135 16.039568
40 62.800793 47.925346 2.138801 2.359359 10.759453
41 63.253281 48.151546 2.482758 2.136698 9.989419
42 63.465786 48.036671 2.027865 2.498141 3.718145
43 62.035042 47.817661 1.895390 2.333163 17.824703
44 61.830116 47.818871 0.965014 2.445620 42.451832
45 61.685555 47.691502 0.757251 2.451995 79.224098
46 61.228672 48.890900 0.595231 2.272923 87.671280
47 61.721180 47.702213 0.805062 2.700461 46.167244
