%% Trajectory 18
33 64.135765 20.098757 0.882655 2.300143 0.016556
34 64.425560 20.096182 1.121111 2.185848 10.608887
35 64.423477 20.105225 1.041020 2.097532 10.491814
36 64.301010 20.041853 1.126300 2.097809 22.593500
37 64.325851 20.158003 1.373997 2.193205 2.567480
38 64.585808 19.976612 1.572604 2.172719 0.179420
39 64.426277 20.143032 1.602825 2.153389 9.598977
40 64.883934 20.068239 1.967217 2.025700 6.430526
41 64.907013 19.859480 1.903821 2.188639 12.451082
42 64.707115 20.378441 2.278296 2.333271 16.842897
43 64.714684 20.433092 2.328489 2.458474 14.353840
44 64.927208 20.296093 2.183135 2.203598 6.761524
45 64.924561 20.273258 2.466224 2.194604 11.905044
46 65.000328 20.540955 2.766597 2.462925 0.601248
47 64.701599 20.385788 2.394489 2.305504 0.172978
48 64.763138 20.485958 2.933626 2.453442 5.044572
49 64.706367 20.495808 2.869053 2.415964 3.428445
50 64.887825 20.609240 3.131583 2.250751 0.131029
51 64.697289 20.310961 3.084931 2.278567 3.885263
52 64.857010 20.329067 2.947858 2.280977 14.188601
53 64.802971 20.507055 3.303363 2.283607 9.267066
54 64.715874 20.566713 3.489243 2.388330 0.229649
55 64.978233 20.316568 4.033100 2.331148 0.099606
56 64.852928 20.433956 4.117944 2.373493 0.020153
57 65.141487 20.678478 3.462619 2.327382 0.387659
58 65.036385 20.807299 3.580255 2.263447 1.791539
59 65.145607 21.157421 3.689797 2.148008 2.850154
60 65.167595 20.822016 3.429349 2.208556 15.672939
61 65.045700 20.849615 3.370808 2.182993 9.510335
62 65.077003 21.000767 3.695782 2.196199 7.211005
63 64.944130 21.106569 3.023952 2.151048 6.121369
64 64.637497 21.274643 2.757173 2.377720 24.914385
65 64.230278 21.382847 2.169600 2.407813 26.464075
66 64.234825 21.307709 2.216866 2.321377 25.469105
67 64.596275 21.463675 2.617548 2.394679 42.647804
68 64.729713 21.530731 1.700451 2.258533 5.914936
69 64.391708 21.879354 1.589955 2.274315 0.253521
70 64.449226 22.277348 0.940501 2.523821 0.000191
