%% Trajectory 85
130 23.611673 34.746124 1.630102 2.536912 20.145515
131 23.441090 35.014225 1.470155 2.266655 18.855762
132 23.585760 34.947613 1.816487 2.283649 24.247227
133 23.421358 34.815979 1.945865 2.486266 27.848745
134 23.316339 35.234283 2.425018 2.438053 48.164062
135 23.479506 34.960384 3.090568 2.478456 31.045494
136 23.424700 34.884655 3.761957 2.415910 0.055634
137 23.531269 35.038601 4.219634 2.497945 0.012495
138 23.421789 35.148808 4.273998 2.381930 0.000900
139 23.405689 35.130859 4.720204 2.425202 0.000254
140 23.399851 35.032684 4.818871 2.352024 0.000000
141 23.468412 35.152473 5.175604 2.433816 0.000000
142 23.564320 34.977417 5.724188 2.510908 0.000000
143 23.430748 35.087498 5.193486 2.539054 0.000000
144 23.431248 35.126225 5.357904 2.477843 0.000000
145 23.518120 35.079933 5.527241 2.537691 0.000000
146 23.818291 34.908810 5.969663 2.346712 0.000000
147 23.510532 34.913582 5.975788 2.438066 0.000000
148 23.489977 34.967571 5.787531 2.498010 0.000000
149 23.641861 35.118748 6.366581 2.359064 0.000000
150 23.639845 34.937481 6.158435 2.426711 0.000000
151 23.740440 34.924179 6.367387 2.474400 0.000000
152 23.544800 34.874672 6.499872 2.432915 0.000000
153 23.663174 34.912945 6.607389 2.427412 0.000000
154 23.736776 34.925266 6.381290 2.445867 0.000000
155 23.662432 34.968010 6.756789 2.507634 0.000000
156 23.673952 34.895828 5.507155 2.600027 0.000000
157 23.916561 35.001488 6.183352 2.408556 0.000000
158 23.793839 35.138729 6.280236 2.343006 0.000000
159 23.808651 35.030067 6.304431 2.318455 0.000000
160 24.015894 35.109329 6.316704 2.417360 0.000000
161 23.858646 35.068726 5.755249 2.372582 0.000000
162 23.760221 35.110435 5.392619 2.412565 0.000000
163 23.902548 34.934746 5.513920 2.333351 0.000034
164 24.050154 34.865612 5.344863 2.260498 0.000012
165 23.749149 34.769711 5.457618 2.449954 0.000000
166 23.569656 34.605198 5.139787 2.495257 0.000000
167 23.833691 34.849079 5.171446 2.268249 0.000005
168 23.660437 34.951298 4.555594 2.311600 0.016290
169 23.893723 35.203705 4.713105 2.329754 0.000002
170 23.656130 34.955334 4.569443 2.309170 0.000036
171 23.512890 35.111061 4.640998 2.325815 0.000250
172 23.604616 35.174271 3.691990 2.293784 3.620481
173 23.644636 35.110996 3.094160 2.260062 17.656591
174 23.740301 35.410091 3.245864 2.386810 20.406729
175 23.727427 35.047413 2.662807 2.168094 28.064379
176 23.955864 35.355381 2.266750 2.267858 31.402008
177 23.615059 35.134583 2.604136 2.222591 35.590675
178 23.573944 34.909412 2.215972 2.388522 29.801420
179 24.083412 35.061344 2.166458 2.126094 30.151773
180 24.544964 35.002758 1.358742 2.488789 21.947941
