%% Trajectory 82
104 22.754702 20.147390 0.837250 2.651543 9.417592
105 22.240219 20.083851 1.280278 2.748879 0.092728
106 23.095892 21.044523 1.749300 3.250335 0.012810
107 22.496220 21.049690 1.886867 2.767736 0.039011
108 22.736256 20.990818 2.343158 2.478207 8.968820
109 22.327461 20.899506 2.462101 2.618752 11.277915
110 22.647314 20.975677 3.751506 2.553482 49.943962
111 22.438702 21.003500 3.434618 2.359390 45.477776
112 22.804434 20.879938 3.718035 2.376470 55.012440
113 22.653696 20.959799 3.527858 2.531249 46.993935
114 22.727909 20.571360 3.965645 2.483979 32.870190
115 22.787415 20.611666 4.443946 2.386121 11.929967
116 22.658634 20.350090 4.141036 2.595731 21.789572
117 22.670305 20.282064 4.018101 2.414416 16.742493
118 22.894636 20.158079 4.199572 2.395910 18.029179
119 22.820766 20.044764 3.861068 2.472030 2.541234
120 23.101379 20.010443 3.499256 2.298930 12.160783
121 23.114622 19.755665 2.879612 2.399222 6.351702
122 23.175217 19.781614 2.889971 2.319854 3.935132
123 23.520763 19.907621 3.085237 2.617080 23.863197
124 23.435049 19.393679 3.722221 2.563228 6.535941
125 23.925587 18.869101 4.337842 2.343044 14.291193
126 23.916796 19.015541 4.046405 2.338204 13.782404
127 23.804684 18.880960 4.230703 2.382922 17.702137
128 23.687004 18.917347 3.631300 2.449386 7.303845
129 23.683397 19.279316 2.844260 2.531376 34.021633
130 23.381357 18.819529 2.842773 2.607204 29.940790
131 23.768806 18.954685 2.874570 2.327816 22.966957
132 23.599998 18.752995 2.806790 2.431540 30.685762
133 23.632698 18.771887 2.648022 2.423022 24.155603
134 23.401499 18.888514 2.133886 2.509470 40.612026
135 23.962603 18.929659 1.851951 2.373377 18.650146
136 23.965139 19.055576 1.599025 2.424268 25.885649
137 23.561543 19.948652 1.583326 2.449638 10.832465
138 23.081314 20.411177 1.367759 2.365211 35.543407
139 22.924633 20.151312 1.604443 2.377197 18.150415
140 22.590483 19.727339 1.292862 2.353976 21.928230
141 22.951084 19.139671 0.980873 2.776632 28.526907
142 23.922161 19.148228 1.195211 2.296263 3.899815
143 22.985243 19.733351 0.990056 2.127726 22.017679
