%% Trajectory 40
113 55.370365 21.095016 0.796042 2.004235 2.628468
114 54.997650 21.330818 1.052022 2.279990 0.827208
115 55.001167 21.367937 1.091698 2.078553 0.759935
116 55.517971 21.415854 1.185467 2.494557 3.930672
117 55.249863 21.254774 1.336298 2.261527 7.734413
118 55.611946 21.175795 1.231138 2.191200 1.145222
119 55.365597 21.335503 1.381583 2.411849 0.473863
120 55.416199 21.280466 1.691491 2.254003 18.710281
121 55.292667 21.414709 1.594997 2.348124 8.571616
122 55.513832 21.274279 1.455569 2.357036 6.703616
123 55.232887 21.420732 1.803650 2.262827 26.653717
124 55.518589 21.448046 2.095080 2.488386 30.562574
125 55.505463 21.426188 1.459173 2.490138 6.937175
126 55.482555 21.294779 1.665254 2.311145 22.197378
127 55.575264 21.488209 2.173594 2.439385 45.940178
128 55.741447 21.566425 2.147315 2.302744 35.903748
129 55.568684 21.689440 2.033907 2.230366 24.880033
130 55.740345 21.520233 2.142060 2.252988 20.165483
131 55.336651 21.758963 2.059767 2.702348 2.990023
132 55.790726 21.297323 2.235245 2.199573 6.694564
133 55.761055 21.420393 2.003351 2.359346 11.078866
134 55.454529 21.799908 2.285819 2.483546 6.493374
135 55.389065 22.133736 2.342384 2.532306 4.363363
136 55.329777 21.988012 2.322439 2.195814 9.170525
137 55.264385 22.111387 1.992878 2.180229 0.459238
138 55.573410 22.185432 2.148079 2.382513 2.250278
139 55.621693 21.834318 1.942081 2.233006 5.724202
140 55.708996 21.694304 1.999283 2.423062 2.913312
141 55.833412 21.714386 1.953181 2.461908 23.345770
142 55.693989 22.032566 1.788723 2.357524 15.809084
143 55.742676 22.137754 1.762068 2.239202 14.627126
144 55.673656 22.044359 1.743233 2.314668 5.999536
145 55.748604 22.270632 1.642633 2.150155 5.513174
146 56.008354 22.137749 1.598617 2.277216 15.297120
147 55.776398 21.895687 1.483860 2.324862 11.328889
148 55.624485 22.291519 1.385366 2.500647 16.822647
149 55.975029 21.684923 1.214098 2.292722 19.862026
150 56.244747 21.741772 0.939929 2.279696 9.919271
151 55.806282 21.856953 0.715529 2.677303 13.037935
152 56.162510 21.655344 0.781824 2.324116 14.337835
153 55.209682 21.962032 0.530664 2.404788 12.497020
