%% Trajectory 60
181 19.955257 55.099625 0.477531 1.928266 3.072015
182 19.819489 55.585655 0.480657 1.968384 2.089720
183 19.856113 55.874908 0.727631 2.224649 15.456819
184 19.722731 55.474415 0.849456 2.306954 4.349785
185 20.153183 55.544514 0.994175 2.458155 0.036195
186 20.106676 55.632469 0.763674 2.682916 0.023344
187 20.176332 55.261196 0.899906 2.242683 6.545376
188 20.206854 55.981548 0.808317 2.042160 0.744837
189 20.515926 55.270527 1.161464 2.472299 2.651374
190 20.506464 55.657925 1.189801 2.291944 2.400418
191 20.659210 55.562412 0.992752 2.168756 0.001039
192 20.735205 55.164467 1.304670 2.215767 0.552727
193 20.604891 55.759121 1.142283 2.130062 3.007749
194 20.685890 55.515884 1.284033 2.496432 2.531173
195 20.532907 55.814106 0.981381 2.386206 3.128087
196 20.261353 55.676125 1.402503 2.186126 19.093927
197 20.935339 55.983105 1.164966 2.338341 15.478182
198 20.852793 56.194118 1.436471 2.335773 24.380865
199 20.987635 55.663330 1.640029 2.362895 36.469967
200 20.827284 55.813046 1.381328 2.647246 42.522011
201 20.776627 55.331146 1.147128 2.597424 39.862335
202 21.250761 55.737606 0.866029 2.520069 21.985060
203 20.730299 55.788425 1.086413 2.317406 12.216387
204 21.195559 55.365849 0.734951 2.644330 36.021141
205 21.051212 55.946682 0.784334 2.607113 20.130058
206 21.142038 55.933304 0.668233 2.628957 21.820742
207 21.174646 56.280151 0.943453 2.770008 13.689876
208 21.079891 56.076054 0.816343 2.715356 29.085812
209 21.057816 55.949200 0.566579 2.426037 33.494312
210 20.895618 55.516724 0.606190 2.695741 8.832790
211 20.666231 56.205162 0.555745 2.706071 1.159711
212 20.740894 56.257648 0.395785 2.428336 7.112171
213 20.597586 56.413143 0.434251 2.210572 6.734171
