%% Trajectory 23
74 41.551285 85.183685 0.647333 2.261671 0.166674
75 41.577198 85.126976 0.816180 2.434222 0.000000
76 41.642086 85.109650 1.352230 2.178818 0.887407
77 41.452229 84.886810 1.279509 2.373000 1.429722
78 41.431976 85.223625 1.223935 2.306212 0.260305
79 41.347767 85.492554 1.213761 2.542547 0.114129
80 41.272408 85.137917 1.476512 2.112351 0.000000
81 41.073326 85.200653 1.873374 2.261397 0.000000
82 41.231129 85.153091 2.171855 2.089969 0.000111
83 41.364605 85.059929 1.760261 2.235368 0.003412
84 41.507664 85.073128 2.115453 2.347724 0.000000
85 41.344017 85.125374 2.314908 2.202702 0.000036
86 41.271782 84.791008 2.667733 2.206643 0.000171
87 41.213158 84.748413 2.826904 2.341690 0.463346
88 41.288769 84.815971 2.847470 2.319558 0.597722
89 41.447132 84.817764 3.020897 2.397748 11.488865
90 41.340767 84.852219 3.293527 2.209531 6.456264
91 41.391003 84.709045 3.129502 2.456107 8.145539
92 41.332340 84.779366 3.273840 2.478427 25.399763
93 41.400799 84.802422 3.720414 2.378712 7.114224
94 41.211040 84.767845 3.823526 2.286955 10.399579
95 41.220852 84.703987 3.328563 2.443559 15.424860
96 41.161278 84.628838 3.437634 2.346147 12.807146
97 41.058849 84.506416 3.565818 2.535763 17.260960
98 41.171272 84.795998 3.435419 2.292900 9.280739
99 41.139961 84.619652 3.599904 2.267516 3.158478
100 41.035950 84.570526 3.745674 2.432577 0.190961
101 40.951290 84.353508 3.556566 2.471211 0.022301
102 40.961552 84.332451 3.815755 2.472056 1.778580
103 41.048923 83.840538 4.384892 2.307636 0.003475
104 40.435146 83.922569 3.935859 2.489356 0.001947
105 39.660416 84.092819 3.191091 2.463683 12.348709
106 38.799313 83.939011 2.380551 2.254074 1.523989
107 38.098022 83.652672 2.353988 2.428046 10.776286
108 37.632950 83.789299 2.633519 2.342832 17.187429
109 37.017525 83.582977 2.281487 2.354268 30.049410
110 37.581726 83.229950 2.174591 2.373344 8.598528
111 36.940086 83.147614 2.545402 2.115752 9.607247
112 37.878529 82.835197 1.844233 2.459583 27.413826
113 37.613380 83.160393 1.687762 2.234595 35.132710
114 38.138924 82.879669 1.506279 2.242237 41.778732
115 38.406979 82.925964 1.218693 2.549406 8.911369
116 38.622597 83.036591 1.329573 2.173039 34.218472
