%% Trajectory 14
34 39.573875 56.483109 1.440408 2.400327 41.022045
35 39.504269 56.815010 1.951347 2.416763 21.320562
36 39.576126 56.859653 2.008178 2.343018 24.377333
37 39.360168 56.804825 2.323665 2.162174 2.156755
38 39.551460 56.705070 2.771595 2.156400 0.260761
39 39.440117 56.798820 2.763335 2.257690 10.121752
40 39.744617 56.914383 2.661693 2.148820 1.182487
41 40.047073 57.403557 1.882787 2.398925 8.228023
42 40.062710 58.021130 2.503944 2.189611 1.876798
43 40.518139 57.825542 2.593472 2.317702 12.101189
44 40.651554 57.913158 2.363655 2.320656 1.672880
45 40.663216 57.426300 1.508184 2.519108 6.370970
