%% Trajectory 33
95 37.261734 58.303104 1.351048 2.281920 5.952647
96 37.328545 58.227379 1.134661 2.176972 2.574512
97 37.325764 58.019287 1.129117 1.958413 0.735447
98 37.311146 58.251217 1.648143 2.154102 0.442420
99 37.237000 58.319767 1.595678 2.137462 3.151618
100 37.335789 58.412254 1.615841 2.433985 30.228949
101 37.309799 58.452595 2.263894 2.421146 16.295670
102 37.309074 58.389198 2.211783 2.309803 10.854251
103 37.350689 58.592712 1.824975 2.504915 4.515996
104 37.882000 58.719673 2.209219 2.202734 19.173273
105 37.825260 58.524632 2.115973 2.261107 5.086932
106 38.154640 58.587830 1.596338 2.348152 0.268719
107 37.581875 58.106514 1.549049 2.268347 3.367027
108 37.784225 58.131371 1.838324 2.078038 2.902054
109 37.627586 58.154675 1.942013 2.353773 21.072220
110 37.701782 58.119274 1.828857 2.162108 12.391595
111 37.620449 58.118382 1.680606 2.162363 6.333865
112 37.752441 58.061337 2.020781 2.061272 11.202488
113 37.728756 58.154079 1.694642 2.125407 13.029388
114 37.671787 58.484955 1.034975 2.149593 14.645487
115 37.761395 58.747028 0.505060 1.857350 13.995623
116 37.071175 58.742222 0.549992 2.013454 0.216740
117 36.803188 58.575920 0.506520 2.217615 7.175502
