%% Trajectory 50
89 69.234970 65.516998 1.191802 2.868613 31.263571
90 69.528687 65.802948 0.610273 2.768691 65.805489
91 70.442368 66.116508 0.883758 2.523322 47.161572
92 70.179718 66.216438 1.543965 2.656776 13.812838
93 69.978661 66.464790 1.464566 2.772533 27.684048
94 69.924713 66.148224 2.063616 2.411574 5.552051
95 70.420433 66.217377 1.585598 2.672541 11.817375
96 70.345360 66.597466 2.279824 2.357896 0.002376
97 70.026474 66.346352 2.722629 2.437623 0.000007
98 69.921631 66.137810 2.612940 2.377744 0.000039
99 70.060959 66.296097 2.919045 2.369432 0.000002
100 69.900185 66.408356 3.164577 2.483750 0.000000
101 69.877617 66.342545 3.354676 2.414958 0.000000
102 69.952393 66.247063 3.251389 2.397669 0.000025
103 69.355705 65.796089 2.043732 2.868142 5.872511
104 69.209923 65.358719 2.265280 2.658902 2.262401
105 68.936462 65.189537 2.733514 2.543807 1.405435
106 69.021484 65.213982 2.899997 2.472811 0.002051
107 68.969543 65.213013 2.798521 2.652062 1.719494
108 68.904800 65.598351 1.787828 2.602667 1.870157
109 69.016182 65.409523 1.333093 2.892308 12.520475
110 68.727898 65.080292 1.169427 2.313499 19.407873
111 67.974335 64.529785 0.819438 3.101432 27.858095
