%% Trajectory 130
253 37.146774 55.988949 0.294784 2.638978 56.020699
254 36.962570 54.890167 0.405852 2.418011 63.870235
255 36.563728 54.801392 0.440656 2.339030 29.608803
256 36.047150 55.431622 0.369442 2.115201 19.340267
257 36.403160 55.588795 0.557537 2.698480 40.395515
258 36.126148 55.270851 0.700073 2.226612 21.565264
259 35.992172 55.469830 0.536521 2.368168 27.209623
260 35.878605 55.243229 0.804558 2.054209 17.390087
261 35.966167 55.299080 1.043973 2.183940 5.902819
262 35.629604 55.394962 0.810849 2.214857 26.011436
263 35.868896 55.476246 1.119752 2.265074 11.310350
264 35.726463 55.282257 0.914909 2.253361 27.360113
265 35.925682 55.621559 1.042438 2.200126 20.413546
266 35.854530 55.426277 1.019231 2.141390 19.690779
267 35.665092 55.519993 1.217038 2.391634 16.530769
268 35.638931 55.333054 1.050177 2.271544 24.790291
269 35.729126 55.335655 1.288587 2.399568 20.462217
270 35.980282 55.595131 1.053326 2.286377 24.776775
271 35.824249 56.005196 0.894872 2.173597 28.562996
272 35.714367 56.036880 0.774953 2.528474 26.603899
273 35.612972 55.925774 0.680423 2.343280 42.484852
274 35.929005 55.908798 0.611677 2.894831 22.571638
275 35.954632 55.946453 0.341094 2.774120 77.335876
276 35.075943 55.850006 0.403952 2.904306 32.714806
277 36.087315 55.524624 0.561243 2.788503 48.708328
278 35.149014 56.492184 0.506572 3.034751 43.180805
279 36.096981 56.123478 0.214865 2.827844 148.888809
280 37.949337 55.042240 0.277559 2.788759 101.070877
281 36.982265 55.787888 0.303328 2.607345 95.972160
282 36.793266 55.308483 0.283350 2.109913 67.668724
283 38.013107 55.079521 0.312665 3.117346 103.957550
284 38.255836 55.743599 0.298576 2.082946 26.653158
