%% Trajectory 40
86 28.010757 38.976456 0.404542 2.652923 25.066839
87 27.532074 37.775436 0.513042 2.841667 37.210201
88 27.434763 37.852890 0.683425 2.189819 41.497478
89 27.400316 37.823185 1.130706 2.288112 6.315933
90 27.453957 37.664394 1.292649 2.287253 0.973762
91 27.540838 37.892136 1.427478 2.257142 3.324231
92 27.662991 37.650928 1.464641 2.290858 0.762863
93 27.631300 37.668453 1.781812 2.196982 0.009059
94 27.570358 37.828644 1.764435 2.245998 0.005502
95 27.572571 37.876076 2.291247 2.187154 0.000000
96 27.537258 37.967026 1.965474 2.298670 0.001116
97 27.896229 38.294548 1.843263 2.173465 0.022401
98 28.300730 38.272461 1.672680 2.226369 0.114518
99 28.390139 38.184902 1.698311 2.236756 0.246188
100 28.377478 38.403198 1.565931 2.425762 1.031090
101 28.349483 38.185028 1.428811 2.412889 0.544374
102 28.319260 38.667778 1.308625 2.461899 6.946961
103 28.190193 38.633385 1.427331 2.544300 2.832064
104 27.748535 38.907082 1.197784 2.368406 16.700871
105 28.242863 38.800560 1.204991 2.312865 9.672154
106 28.228102 38.861572 1.299523 2.520223 10.031912
107 28.521646 39.105614 1.599225 2.568399 3.559171
108 28.192049 38.856518 1.071534 2.382115 31.773903
109 28.712799 39.016895 0.882241 2.472612 18.887815
