%% Trajectory 107
99 20.951790 22.345049 1.082984 2.419214 19.352983
100 21.341328 22.108397 0.895485 2.574753 39.254860
101 21.305313 21.951126 0.919064 2.259387 26.135418
102 21.226414 21.765335 1.192249 2.202923 17.811537
103 21.240795 22.036276 1.631273 2.178530 15.857213
104 21.247240 21.747910 1.555276 2.302183 21.542574
105 21.342024 22.045479 1.668034 2.651516 16.008984
106 21.660187 22.265812 2.243201 2.419499 6.317873
107 21.896366 22.490839 1.647581 2.393257 26.196619
108 21.826872 21.968107 1.354615 2.322930 28.373608
109 21.820129 22.180832 1.445528 2.251554 24.870316
110 22.086382 21.577959 1.755103 2.293606 21.603050
111 21.808264 21.639095 1.214966 2.273476 12.758578
112 21.680807 21.428539 1.396981 2.479374 0.345622
113 21.961441 21.002285 1.617544 2.306025 21.395090
114 21.599249 20.695192 1.451874 2.549150 1.853531
115 21.970352 20.343971 1.762166 2.425992 1.155740
116 21.749626 20.130955 1.625620 2.103162 2.026603
117 21.786324 19.984863 1.846678 2.123653 16.130386
118 21.756100 20.081749 1.997162 2.108867 29.129089
119 21.685232 19.852777 2.323605 2.043028 15.700146
120 21.592442 19.963915 2.091360 2.077337 18.446886
121 21.705917 19.767818 2.354036 2.094925 21.957878
122 21.744862 19.871647 2.277580 1.984426 11.062874
123 21.774376 19.904293 2.387959 2.094530 13.015298
124 22.226572 19.616991 1.909302 2.127384 7.746842
125 22.801880 19.190756 0.864041 2.436651 25.893597
126 22.959480 19.395510 1.047128 2.129447 3.432837
127 22.710848 19.283640 0.966646 2.069795 0.665309
128 22.908083 19.364965 1.055525 2.130286 1.074615
129 23.020985 19.461119 0.918553 1.999102 11.460316
130 22.636665 19.426794 0.828215 2.660254 48.862392
131 22.053205 19.001877 0.579541 1.870174 2.893729
132 22.297789 19.730352 0.672918 2.359499 11.052461
133 22.313431 19.144321 0.633240 2.073712 9.322726
134 22.851160 19.030890 0.903806 2.241588 7.956002
135 22.473316 20.070526 0.559303 2.252295 16.505356
