%% Trajectory 19
41 64.420723 20.014158 0.414524 1.973103 13.336667
42 64.113144 19.977062 0.589842 2.483910 46.689507
43 64.492783 19.836071 0.614645 2.603796 24.703333
44 64.481033 19.782377 0.636531 2.065176 25.015787
45 64.670975 20.024576 1.037168 2.144125 17.521196
46 64.511147 20.180983 1.112555 2.337266 36.241753
47 64.491821 20.020401 1.425302 2.278022 7.571290
48 64.524940 20.047602 1.677886 2.194265 9.961880
49 64.442215 19.982515 1.620098 2.288347 13.376082
50 64.773857 19.881123 1.535871 2.207486 8.395411
51 64.271797 20.015011 1.441922 2.181920 10.289930
52 64.590439 20.357821 1.584298 2.251794 9.146497
53 64.487244 20.195198 1.954730 2.275939 10.766870
54 64.452454 20.324276 2.193489 2.547535 10.046189
55 64.615913 20.168903 2.227356 2.310996 19.857323
56 64.522301 20.254551 2.315108 2.522540 13.807101
57 64.712601 20.984667 1.952077 2.325242 13.996172
58 64.995239 20.804159 1.050610 2.262416 31.120689
59 65.346169 21.042248 1.127946 2.492575 20.410301
60 64.525757 21.318405 0.880617 2.855425 13.549745
