%% Trajectory 35
67 74.768120 67.460472 1.023359 2.171687 4.774371
68 74.619728 67.567825 1.139862 2.164182 0.004376
69 74.925537 67.711433 1.463366 1.922872 3.011102
70 74.839149 67.633736 1.758914 2.117171 2.202909
71 74.626564 67.605621 2.333539 2.268487 0.031176
72 74.691299 67.387161 2.525695 2.149611 0.229496
73 74.709419 67.527122 2.572004 2.254917 5.419668
74 74.560043 67.553619 2.302304 2.297551 11.698035
75 74.628448 67.653679 2.562970 2.083313 21.007406
76 74.623100 67.553520 2.695660 2.355926 13.013158
77 74.543915 67.664017 2.803508 2.245875 19.990805
78 74.529121 67.458115 3.343077 2.440589 3.406849
79 74.295349 67.524368 2.290365 2.219652 8.351960
80 74.139481 67.397095 2.085619 2.138679 4.250706
81 73.807159 67.189041 2.048031 2.075286 14.290263
82 73.566925 67.060028 1.905461 2.056981 1.180784
83 73.383698 67.369133 1.635232 2.479177 23.490934
84 73.292542 66.776855 1.994087 2.150526 13.106247
85 73.188416 66.367676 1.223621 2.577833 16.883486
86 73.486214 66.643913 1.264051 2.367094 23.597412
87 73.779915 66.450760 0.888186 2.305943 20.703447
