%% Trajectory 37
73 39.737877 41.830677 1.244824 2.018824 0.017346
74 39.730717 41.964462 1.571605 1.951114 0.624456
75 39.848907 41.863762 1.735494 1.977672 24.633482
76 40.069839 41.950939 2.123137 1.951752 22.568619
77 39.969692 41.828766 2.714249 1.987028 13.545927
78 39.956299 41.763397 2.909293 1.996283 5.123825
79 39.837437 41.994701 2.767153 1.967706 3.790347
80 40.024639 42.027115 2.845738 1.961556 0.758146
81 40.000805 41.978806 3.442517 2.011128 0.008796
82 40.195427 41.919987 3.513980 2.033005 0.191404
83 40.248062 41.940052 3.206344 2.101133 0.000129
84 40.543739 42.003353 3.334169 2.116441 0.030579
85 40.768501 41.858589 2.986125 2.091626 2.963246
86 40.923565 41.748627 2.462114 1.995798 6.576563
87 40.919426 41.779316 2.568737 2.172649 3.298947
88 41.576916 42.214493 1.899525 2.316698 5.005081
89 41.446514 42.034206 1.714816 2.222780 19.567051
90 40.907043 42.092903 1.835180 2.114991 24.988464
91 41.743042 42.426773 1.384916 2.625027 13.745615
92 41.345398 42.442276 1.418260 2.452309 9.390112
93 41.217766 42.438999 1.427187 2.588442 20.897846
94 41.940742 42.728249 0.969026 2.547924 7.594799
95 40.879841 42.232059 0.901887 2.054845 14.293620
96 41.643661 42.536880 1.178150 2.580076 11.667908
