%% Trajectory 12
22 59.195347 23.276829 1.425329 3.363933 0.011361
23 58.580822 22.389639 1.140084 2.350147 9.822992
24 59.036240 23.043364 1.389410 3.007055 21.301495
25 58.164860 22.858845 1.658822 2.341002 19.334137
26 58.610260 22.438301 1.741422 2.349582 8.401216
27 58.522465 22.037338 2.080046 2.242086 5.554936
28 58.606964 22.243429 4.192916 2.276221 0.000000
29 58.415802 22.082771 3.840014 2.090940 0.000000
30 58.398098 22.175396 4.540689 2.137886 0.035047
31 58.446259 22.068748 4.885128 2.157480 5.917873
32 58.339012 22.056782 5.114666 2.096173 0.001411
33 58.222786 22.176729 5.454131 2.090840 0.000007
34 58.245247 22.153553 6.242780 2.117806 0.000000
35 58.122738 22.087925 6.045731 2.029971 0.000000
36 57.877483 22.184574 6.041514 2.145978 0.000000
37 57.689854 22.700825 4.545150 2.315660 0.205214
38 57.679344 22.998661 4.112915 2.375315 11.432984
39 57.707455 22.983225 4.026139 2.150048 7.938578
40 57.589798 22.921532 3.229445 2.286935 3.484918
41 57.561005 22.974148 2.984746 2.261018 0.797356
42 57.647198 23.031288 2.818228 2.229037 0.607440
43 57.632103 23.104673 2.548775 2.261454 22.371851
44 57.461018 23.043249 2.513899 2.366748 19.051371
45 57.584259 23.371910 1.833716 2.567049 23.925573
46 57.526962 23.185627 1.832379 2.345057 27.030092
47 57.146656 22.938040 1.800620 2.238394 18.812843
48 56.949780 23.543751 1.922812 2.346853 7.503644
49 57.126579 22.954157 1.684481 2.543066 4.443509
